"household_member_id","household_id"
344954,7
344627,8
344704,8
344607,9
345362,9
345499,9
345782,9
346113,9
345631,10
344795,11
345004,11
345052,11
345185,11
345621,11
345654,11
345969,11
344528,12
346112,12
344720,13
345318,13
345390,13
346046,13
346159,13
344608,14
345941,14
344904,15
345304,15
344386,16
344511,16
345244,16
345718,16
345860,16
354911,16
344380,18
344573,18
344865,18
345054,18
345151,18
345255,18
345483,18
345970,18
344582,19
344687,19
344696,19
345353,19
345477,19
345669,19
345877,19
346191,19
344575,20
345039,21
345825,22
344745,23
345063,23
346162,23
354930,23
354938,23
345367,24
346129,24
345246,25
345762,25
344461,26
344674,26
344727,26
344889,26
345518,26
346013,26
344672,27
344753,27
346150,27
344952,29
345131,29
345773,29
345864,29
346007,29
344613,30
344631,30
345750,30
345089,31
344583,32
345934,32
344398,33
344801,34
345896,34
345048,35
345076,35
346400,35
344886,36
344919,36
345236,36
345971,36
344354,37
344428,37
344964,37
344454,38
345339,38
344840,39
345286,39
345395,39
345611,39
346094,39
356231,39
344372,40
345564,40
345974,40
346089,40
346125,40
345193,41
345783,41
345008,42
345097,42
345105,42
345200,42
345809,42
346126,42
346169,42
345857,43
344544,44
344799,44
344895,44
346127,44
345341,45
344676,46
344761,47
344915,47
345368,47
345731,47
346038,47
345078,48
344435,49
345309,49
344375,50
344819,50
346230,50
345072,51
344941,52
345141,52
345492,52
345781,52
344565,53
344811,53
344853,53
345930,53
346134,54
346171,54
345409,55
345437,55
345520,55
345772,56
344953,57
346082,57
346133,57
345510,58
344726,59
345846,59
345923,59
345850,60
344778,61
345767,61
344468,62
344823,62
345053,62
345575,62
345634,62
346120,62
344615,63
345056,63
345258,63
345707,63
345899,63
346468,64
346469,64
346213,65
344399,66
344793,66
346242,66
344614,67
345192,68
345369,68
345727,68
346694,68
346165,69
344711,70
344965,70
345488,70
345765,70
344500,71
344925,71
345168,71
346078,71
345167,72
345842,72
345907,72
346762,72
346766,72
346769,72
346776,72
344835,73
345342,73
345571,73
345695,73
345900,73
346064,73
346147,73
345005,74
346003,74
344770,75
346234,75
345497,76
344553,77
344938,77
345240,77
345415,77
345446,77
349987,77
345170,78
346005,78
346020,78
344510,79
345557,79
345277,80
344807,81
345035,81
345104,81
345139,81
345272,81
345202,82
346081,82
344580,83
345440,83
345994,83
345184,84
345471,84
344355,85
344736,85
344756,85
344986,85
345588,85
345730,85
346029,85
344708,86
344722,86
345565,86
345948,86
346109,86
346201,86
344975,87
345155,87
346221,87
345535,88
345710,88
345298,89
354936,89
354937,89
354939,89
354942,89
381017,89
344426,90
345165,90
345643,90
344769,91
345251,91
345874,91
344592,92
345285,92
345198,93
345711,93
345786,93
345058,95
346241,95
344395,96
345929,96
344405,97
344503,97
344905,97
344940,97
345448,97
345553,97
346083,97
344707,98
344755,98
344927,98
345867,98
344515,99
345644,99
346103,99
344572,100
344703,100
345015,100
346002,100
344401,101
344956,101
345545,101
345030,102
345187,102
345561,102
344913,103
345582,103
345981,103
345033,104
345295,104
345493,104
345975,104
344554,105
344560,105
345037,105
345507,105
345743,105
353674,106
345260,107
344384,108
344725,108
345813,108
344880,109
344890,109
344991,109
345589,109
344601,110
344837,110
345414,110
345688,110
345763,110
344651,111
345662,111
346197,111
345102,112
345752,112
345804,112
345871,112
353593,112
344425,113
345203,113
345651,113
344397,114
344829,114
345526,114
346185,114
344509,115
344602,116
345725,116
344381,117
345541,117
345610,117
344628,118
345249,118
346329,119
346485,119
344660,120
345077,120
345901,120
345920,120
346019,120
345595,121
348840,121
348847,121
348852,121
348907,121
354098,121
354101,121
344558,122
345180,122
345349,122
344957,123
345018,124
345993,124
344752,125
344960,125
345445,125
344466,126
344525,126
344785,126
345084,126
345335,126
345458,126
346086,126
346093,126
344364,127
344407,127
346135,127
344421,128
345233,128
346008,128
348997,128
349001,128
344713,129
345049,129
345344,129
345657,129
345847,129
344359,130
344459,130
344760,131
345137,131
345689,131
346192,131
345947,132
345963,132
345401,133
345453,133
345658,133
346012,133
344578,134
345515,134
345620,134
346180,134
344368,135
345441,135
346139,135
349713,135
344437,136
344671,136
344808,136
344981,136
345209,136
344516,137
344924,137
344989,137
344822,138
345413,138
345715,138
344410,139
345956,139
350055,139
350056,139
350060,139
344508,140
345096,140
345312,140
346196,140
345417,141
346131,141
346138,141
346215,141
344416,142
345320,142
345490,142
345570,142
344411,143
344749,143
345677,144
345712,144
345928,144
346034,144
346187,144
345208,145
345210,145
345438,145
345728,145
346085,146
350306,146
350320,146
344984,147
345559,148
344383,149
345645,149
346065,149
344931,150
344939,150
346186,150
344494,151
344763,152
345503,152
345592,152
344514,153
354604,153
354614,153
345586,154
345655,154
344817,155
345183,155
345271,155
344367,156
344665,156
345080,156
345296,156
345538,156
345722,156
345784,156
344723,157
344852,157
345175,157
345268,157
345393,157
345887,157
346228,157
358488,157
358537,157
345392,158
344775,159
344917,159
345226,159
345235,159
345600,159
345146,160
344804,161
345350,161
346480,162
346490,162
346493,162
346495,162
346524,162
344376,163
344968,164
344973,164
346030,164
346177,164
344891,165
345152,165
349695,165
349734,165
344675,166
344685,166
344862,166
344926,166
346145,166
353961,166
353962,166
345094,167
345195,167
345399,168
345802,168
345267,169
345692,169
346184,169
345656,170
346000,170
354140,170
354141,170
344452,171
345256,171
346158,172
344471,173
344867,173
344907,173
345047,173
345696,173
344781,174
345431,174
344616,175
344866,175
345384,175
345460,175
345986,175
346035,175
344923,176
345117,177
345826,177
346099,178
344797,179
345040,179
345442,179
346130,179
346183,179
344387,180
344467,180
344476,180
344677,180
344997,180
345223,180
345444,180
345482,180
345523,180
345799,180
345964,180
344485,181
345424,181
345114,182
346021,182
344490,183
345148,183
346416,183
346430,183
346564,183
346593,183
344549,184
344744,184
344998,184
345055,184
345266,184
344883,185
345355,185
345642,185
357332,185
344869,186
345324,186
345577,186
345006,187
345061,187
345361,187
344693,188
344909,188
345019,188
345330,188
345357,188
345647,188
345808,188
346160,188
344482,189
344378,190
345755,190
344977,191
345003,191
345034,191
345999,191
344942,192
345376,192
345614,192
346072,192
344550,193
344916,194
345261,194
345478,194
345917,194
344824,195
344875,195
345619,195
345687,195
344419,196
344641,196
344841,196
345476,196
345555,196
354918,196
354926,196
346155,197
344546,198
344870,198
344922,198
345602,198
345942,198
344413,199
344697,200
344878,200
345067,200
345269,200
346097,200
346100,200
346865,200
345144,201
345819,201
346202,201
344385,202
344873,202
344908,202
349671,202
344434,203
345551,203
344465,204
344610,204
345196,204
345668,204
345949,204
344540,205
344887,205
345207,205
345484,205
345817,206
344657,207
344666,207
344683,207
345315,207
345486,207
345818,207
344543,208
344962,208
345007,208
345135,208
345475,208
344551,209
344934,209
345465,209
345485,209
345524,209
350566,209
350571,209
350600,209
344593,210
344740,210
345113,210
345323,210
344699,211
345807,211
351705,211
344979,212
344902,214
344589,215
344635,216
345601,216
345885,216
350054,216
344522,217
345403,217
344728,218
345386,218
345910,218
346025,218
346102,218
346117,218
345979,219
354454,219
344689,220
344734,220
345916,221
346108,221
344681,222
344825,222
345544,222
346036,222
345774,223
344463,224
345351,224
346206,224
344408,225
344499,225
344505,225
345265,225
346168,225
345646,226
345680,226
345717,226
346077,226
345086,227
345567,227
346011,227
344786,228
345366,228
345973,228
345331,229
345334,229
346175,229
344462,230
344937,230
345479,230
345678,230
346239,230
345455,231
345597,231
345617,231
345810,231
345884,232
345791,233
345996,233
344935,234
345073,234
345281,234
345596,234
344430,236
344464,236
344844,236
345000,236
345855,236
345500,237
346050,237
344803,238
346045,238
344469,239
344536,239
345514,239
346055,239
345060,240
345310,240
344996,241
345522,242
345560,242
344406,243
344486,243
345222,243
345534,243
345371,244
345757,244
345044,245
345218,245
345517,245
345837,245
346004,245
344645,246
344741,246
345953,246
344479,247
344698,247
345606,247
344373,248
344877,249
345081,249
345100,249
345328,249
345345,249
346209,249
345020,250
344936,251
346039,251
345452,252
345748,252
345925,252
346044,252
346067,252
346229,252
345025,253
345160,253
346208,253
344574,254
345157,254
344571,255
344999,255
345017,255
344849,256
345450,256
345735,256
344570,257
345292,258
345909,258
344827,259
345332,259
345373,259
345394,259
344377,260
345892,260
346236,260
344370,261
344424,262
344597,262
344667,262
344958,262
345065,262
345568,262
344948,263
345306,263
345768,263
344947,264
345126,265
345746,266
345775,266
345325,267
344439,268
344946,268
345234,268
346053,268
350790,268
345378,269
346027,270
345254,271
346181,271
345329,272
345633,272
346104,273
344766,274
345987,274
345616,275
345670,275
345176,276
345197,277
345303,277
344900,278
345142,279
344431,280
346199,280
344445,281
345960,281
345830,282
344520,283
345012,283
345171,283
345699,283
345824,283
345967,284
346237,284
344813,285
345036,285
345625,285
345926,285
344632,286
344694,286
345041,286
345230,286
345525,286
345848,286
344974,287
346203,287
344517,288
344537,288
345046,288
345521,288
344690,289
344854,289
344519,290
344826,290
345242,290
346154,290
345163,291
345766,291
344474,292
344644,292
344768,292
345664,292
345744,292
345931,292
345599,293
345858,293
346439,293
344473,294
344777,294
345624,294
350039,294
345231,295
344990,296
345138,296
345449,296
345459,296
345958,296
346232,296
344358,297
345851,297
344784,298
344951,298
345590,298
345985,298
353432,298
344618,299
346176,299
344562,300
344622,300
344655,300
345992,300
346095,300
344695,301
345333,301
345447,301
345539,301
344719,302
344814,302
345806,302
345856,302
344590,303
346015,303
345074,304
344961,305
345158,305
345623,305
346071,305
344595,306
345243,306
345293,306
345364,306
345640,306
345988,306
345387,307
345740,307
344716,308
344818,308
344838,309
344881,309
345022,309
345229,309
345528,309
345697,309
345891,309
344460,310
344949,310
345419,310
345685,310
344487,311
344663,311
346010,311
346161,311
345043,312
345420,312
345508,312
345609,312
345650,312
346226,312
344559,313
344440,314
344538,314
344868,314
345021,314
345319,314
345397,314
346080,314
345216,315
345574,315
344371,316
344569,316
344930,316
344774,317
345338,317
345946,317
344717,318
344882,318
345085,318
345461,318
345605,319
345070,320
345919,320
345014,321
345618,321
345954,321
346075,321
346156,321
345377,322
345726,322
344535,323
344914,323
344988,324
345291,324
346051,324
346090,324
344739,325
344821,325
344792,326
345189,326
346211,326
345511,327
344738,328
344791,328
344944,328
345739,328
345770,329
344721,330
344933,330
345660,330
345940,330
346114,330
345026,331
345212,331
345796,331
346218,331
344363,332
345112,332
345587,332
345823,332
344847,333
344985,333
345161,333
345380,333
345382,333
345531,333
345778,333
345922,333
345983,333
346137,333
344498,334
344859,334
345278,334
345313,334
345548,334
345615,334
345690,334
345898,335
349121,335
349125,335
345221,336
345305,336
345563,336
345573,336
354126,336
344815,337
345407,337
345554,337
347086,337
344506,338
344507,338
344541,338
345682,338
345894,338
344388,339
344596,339
344921,339
345321,339
345627,339
345059,340
344374,341
345434,341
346146,341
345214,342
346024,342
347682,343
345760,344
344493,345
344802,345
345705,345
345733,345
344360,346
344529,346
344579,346
344884,346
345506,346
344362,347
344584,347
344929,347
344539,348
345552,348
353475,348
353482,348
346119,349
344787,350
345569,350
345613,350
345169,351
345732,351
345803,351
345831,351
351173,351
344491,352
344621,353
345111,353
345172,353
346240,353
344630,354
345257,354
344568,355
345844,355
346179,355
346091,356
345473,357
346105,358
354962,359
354991,359
345976,360
346173,360
344686,361
345191,361
345937,361
344548,362
344606,362
344993,362
345075,362
345079,362
345585,362
345982,362
344629,363
345009,363
345897,363
345961,363
346092,363
346193,363
344594,364
344995,364
345439,364
345591,364
345959,364
345751,365
346058,365
355641,365
355644,365
344458,366
344605,366
345107,366
345550,366
346101,366
347618,366
344488,367
344845,367
344497,368
344846,369
345173,369
345429,369
345862,369
344521,370
344653,370
345181,370
345776,370
345829,370
344448,371
344779,371
344963,371
345143,372
345581,372
349251,372
344449,373
345082,373
345462,373
347259,373
347266,373
347272,373
345136,374
345638,374
344668,375
345068,375
344453,376
344598,377
344692,377
345099,377
345365,377
345536,377
345893,377
344619,378
345337,379
345679,379
344649,380
345546,380
345888,380
346115,380
346152,380
344620,381
345227,381
345794,381
344747,382
344810,382
345116,383
344670,384
344743,384
344782,384
345427,384
345572,384
345997,385
346167,385
346231,385
344885,386
345273,386
345352,386
345635,387
345886,387
344906,388
344436,389
344442,389
344874,389
353711,389
353739,389
345530,390
345532,390
346061,390
344714,391
345375,391
345612,391
345741,391
345968,391
346060,391
344356,392
344400,392
344982,392
345873,392
346194,392
345023,393
350382,393
344932,394
345013,394
345556,394
345639,394
345749,394
346009,394
345252,395
345119,396
344702,397
345416,397
345509,397
345761,397
346049,397
345282,398
346088,398
346116,398
346163,398
344650,399
345179,399
346227,399
345270,400
345360,400
345702,400
345771,400
345805,400
345370,401
345247,402
344420,403
345327,403
344557,404
345150,404
345276,404
345405,404
345594,404
345790,404
344404,405
346110,405
344502,406
345188,406
345629,406
345742,406
346031,406
346219,406
345280,407
344662,408
345232,408
346017,408
346041,408
344617,409
345129,409
345211,409
345396,409
346223,409
344438,410
345032,410
345410,410
345694,410
346157,410
345435,411
344600,412
345835,412
346522,412
344980,413
345124,413
345177,413
345584,413
345870,413
354146,413
354147,413
344403,414
345259,414
345622,414
345815,415
345845,415
344513,416
344848,416
345716,416
346172,416
344603,417
344798,417
345001,417
345991,417
345833,418
345984,418
344415,419
344496,419
344750,420
344888,420
345665,420
346018,420
344751,422
345289,422
345788,422
346144,422
344983,423
346063,423
345630,424
346212,424
344893,425
345402,425
345456,425
345608,425
345745,425
344764,426
344851,427
344871,427
344994,427
345641,427
345649,427
345759,427
345849,427
344456,428
344530,428
345464,428
344366,429
344731,429
344861,429
345777,429
344581,430
344796,430
344842,430
345691,430
347747,430
345977,431
344480,432
344642,432
344831,432
345132,432
344876,433
345178,433
345723,433
345487,434
344512,435
344640,435
345457,435
346106,435
346382,435
344475,436
345709,436
346217,436
344443,437
345228,437
345876,437
345912,437
352086,437
352090,437
344759,438
345797,438
346076,438
346195,438
344455,439
345895,439
345125,440
344379,441
344504,441
344532,441
345494,441
345798,441
345186,442
345816,442
345905,442
344748,443
345433,443
345927,443
346149,443
352917,443
344392,444
344422,444
344661,444
344856,444
345162,444
345385,444
345466,444
345480,444
345637,444
345698,444
345002,445
345998,445
344432,446
344789,446
345495,446
345834,446
344587,447
345159,447
345915,447
345024,448
345400,448
345951,448
345674,449
345859,449
345933,449
344501,450
344700,450
345914,450
346198,450
344412,451
344701,451
345346,451
345498,451
345836,451
344389,452
344417,452
344712,453
345066,453
344612,454
345879,454
345935,454
350739,454
350741,454
345423,455
345883,455
346087,455
344788,456
345513,456
345918,456
346178,457
346210,457
344566,458
345051,458
345356,458
345865,458
346084,458
346148,458
353315,458
344427,459
344733,459
344754,459
344912,459
345944,459
357305,459
345294,460
345474,460
344534,461
345153,461
345300,461
345671,461
345753,461
345347,462
344357,463
347288,463
350282,463
350283,463
344423,464
345672,464
345729,464
345936,464
344409,465
344585,465
344664,465
344773,465
345406,465
345714,465
354431,465
344767,466
344805,466
345381,466
345793,466
345861,466
346052,466
346068,466
344705,467
345841,467
345880,467
344527,468
344611,468
345288,468
345472,468
345496,468
345814,468
345889,468
344972,469
345454,469
345502,469
345938,469
346174,469
344790,470
344978,470
345091,470
345130,470
345785,470
345872,470
346054,470
346205,470
345108,471
345283,471
345363,471
345683,471
345921,471
345027,472
345090,472
348314,472
348321,472
348356,472
348377,472
344794,473
345134,474
345358,474
345780,474
344393,475
344812,475
345469,475
345738,475
344552,476
345057,476
345098,476
344684,477
345215,477
345866,477
348009,477
348010,477
348013,477
344839,478
345626,478
344624,479
346489,480
346492,480
346537,480
346048,481
345666,482
345764,482
344394,483
345092,483
345636,483
345659,483
345667,483
344730,484
345145,484
345604,484
345995,484
344414,485
345182,485
345436,485
344901,486
345421,486
344976,487
345042,487
346123,487
344783,488
350345,488
350351,488
350363,488
344652,489
348504,489
344928,490
345110,490
345120,490
345519,490
345558,490
344647,491
344556,492
344639,492
345029,492
345164,492
345190,492
344816,493
345822,494
344533,495
344547,495
345219,495
345686,495
345747,495
344446,496
344451,496
344472,496
344484,496
344735,496
345322,496
345398,496
345516,496
344626,497
345205,497
344678,498
344729,498
344910,498
344987,498
345279,498
345840,498
344429,499
344588,499
344843,499
344911,499
345663,499
345769,499
346079,499
344646,500
344800,500
346028,501
345952,502
344920,503
345103,503
345109,503
345412,503
346043,503
345115,504
345501,504
345154,505
345220,505
345792,505
345945,505
346225,505
346235,505
344680,506
344718,506
346501,506
344966,507
345562,507
345681,507
345308,508
345881,508
346096,508
345533,509
345549,509
346220,509
344706,510
344860,510
344897,511
345064,512
345297,512
346056,512
346958,512
344634,513
345284,513
345314,513
345408,513
345838,513
346124,513
346136,513
344470,514
344656,514
345868,514
345713,515
345882,515
344863,516
344971,516
345122,516
345264,516
345391,516
345676,516
345754,516
345789,516
344732,517
345317,517
346216,517
344898,518
354348,519
354394,519
345062,520
345422,520
345661,520
344742,521
344820,521
344850,521
345388,521
344833,522
345010,522
346006,522
346022,522
345224,523
345404,523
345863,523
346042,523
344444,524
344654,524
344679,524
345121,524
345302,524
345489,524
344776,525
345093,525
346001,525
346182,525
354940,525
358040,525
345263,526
344481,527
344648,527
344765,527
345274,527
345174,528
345194,528
345603,528
346070,528
345287,529
344669,530
344772,530
344809,530
345566,530
345579,530
346121,530
346207,530
344830,531
344896,531
345237,531
344390,532
344950,532
345011,532
346033,532
346164,532
345204,533
344477,534
344555,534
344771,534
344992,534
345149,534
345428,534
345648,534
347055,534
344599,535
346040,535
344625,536
345301,536
345383,536
344638,537
345299,537
346057,537
344518,538
346066,538
345069,539
345083,539
345127,539
345684,539
344758,540
344828,540
345311,540
345505,540
345827,540
345924,540
349406,541
344526,542
344658,542
345225,542
349434,542
349446,542
346140,543
344523,544
344567,544
345071,544
345245,544
345504,544
345890,544
345966,544
346111,544
346153,544
346798,544
344899,545
344970,545
345147,545
346189,545
358078,546
358081,546
358085,546
358094,546
345372,547
345527,547
345820,547
354522,547
354527,547
354535,547
354549,547
346047,548
345701,549
344542,550
345720,550
345123,551
345432,551
344382,552
345290,552
346356,553
346372,553
346498,553
346555,553
345795,554
344483,555
344737,555
345050,555
345470,555
345843,555
346141,555
344447,556
344524,556
344531,556
345106,556
345704,556
346069,556
344492,557
344564,557
344757,557
345253,557
345756,557
345418,558
345878,558
346214,558
345839,559
346142,559
344391,560
345913,560
344450,561
344836,561
345348,561
345700,561
345374,562
345411,562
345354,563
345491,563
345828,563
345031,564
345632,564
344879,565
345593,566
346238,566
345238,567
345703,567
345902,567
345989,567
346224,567
345578,568
344495,569
344959,569
345359,569
345379,569
345467,569
345734,569
350411,569
350444,569
344636,570
345598,570
352486,570
344457,571
344561,571
344563,571
346204,571
345336,572
347821,572
344709,573
344806,573
345389,573
345045,574
345540,574
345547,574
345721,574
346143,574
346170,574
344832,575
344864,575
344945,575
344969,575
346037,575
345821,576
344478,577
344673,577
344688,577
345326,577
344715,578
345340,578
345512,579
345854,579
344591,580
345962,580
345972,580
344396,581
344637,581
344872,581
345583,581
345990,581
344402,582
344577,582
345028,582
345248,582
345140,583
345481,583
345675,583
345737,583
345939,583
345965,583
346073,583
350794,583
344762,584
345275,584
345869,584
344633,585
344892,585
345708,585
345779,585
345038,586
345201,586
345430,586
345911,586
344441,587
345239,587
345343,587
345852,587
345950,587
346190,587
344609,588
344834,588
344894,588
345016,588
345903,588
344659,589
345206,589
346132,589
350731,589
353101,589
344361,590
344576,590
345576,590
345811,590
345957,590
346032,590
344682,591
345800,591
344433,592
345213,593
345250,593
345307,593
345537,593
345652,593
345101,594
345673,594
345980,594
346128,594
344369,595
344724,595
345156,595
345425,595
344545,596
344857,596
346059,596
346107,596
353131,596
353162,596
353238,596
344710,597
345443,597
345543,597
345088,598
345904,599
346023,600
346151,600
344967,601
345118,601
345199,601
345607,602
346016,602
354111,602
354117,602
344604,603
345166,603
344691,604
345693,604
345787,604
344643,605
344858,606
346014,606
344780,607
345736,607
345932,607
346098,607
346222,607
345133,608
346062,608
346200,608
345542,609
345832,609
346122,609
351437,609
351448,609
351459,609
345128,610
345812,610
345955,610
346166,610
344489,611
344955,611
345580,611
345316,612
345426,612
345451,613
345875,613
344418,614
344918,614
345241,614
345468,614
345719,614
345906,614
345943,614
346026,614
346313,615
344903,616
345463,616
345908,616
346188,616
344586,617
344943,617
345706,618
345853,618
346074,618
344623,619
345087,619
345724,619
345801,619
344746,620
344855,620
345217,620
345529,620
346118,620
348423,620
344365,621
345262,621
345628,621
349250,621
349252,621
345095,622
345653,622
345758,622
345978,622
346233,622
346251,623
346252,623
346261,623
346263,623
346265,623
346253,624
346262,624
346243,625
346245,625
346249,625
346257,625
346258,625
346259,625
346264,625
346268,625
346247,626
346250,626
346255,626
346256,626
346260,627
349781,627
349788,627
349814,627
349815,627
349817,627
353006,627
346244,628
346246,628
346248,628
346254,628
346266,628
346267,628
346422,629
346301,630
346436,630
346530,630
346569,630
346614,630
346330,631
346342,631
346543,631
346591,631
346335,632
346459,632
346460,632
346504,632
346322,633
346437,633
346532,633
346561,633
346506,634
346516,634
346503,635
346455,636
346565,636
346575,636
346623,636
346307,637
346551,637
346566,637
346605,637
346621,637
346627,637
346364,638
346386,638
346582,638
346595,638
346331,639
346350,639
346428,639
346433,639
346536,639
346576,639
346328,640
346383,640
346471,640
346484,640
346520,640
346541,640
346275,641
346346,641
346457,641
346508,642
346592,642
346418,643
357281,643
357290,643
357336,643
346296,644
346347,644
346381,644
346398,644
346423,644
346550,644
346622,644
346421,645
346432,646
346440,646
346367,647
346443,647
346450,647
347507,648
347509,648
347510,648
347516,648
347517,648
347518,648
347520,648
347522,648
351894,648
346362,649
346434,649
346463,649
346601,649
346293,650
346311,650
346324,650
346374,650
346378,650
346483,651
346547,651
347521,651
347523,651
350459,651
346320,652
346354,652
346419,652
346586,652
346548,653
346624,653
346277,654
346375,654
346481,654
346496,654
346271,655
346278,655
346366,655
346380,655
346385,655
346303,656
346319,657
346338,657
346572,657
346336,658
346417,659
346426,659
346451,659
346473,659
346587,659
346474,660
346531,660
347789,660
346613,661
346615,661
346291,662
346444,662
346534,662
346297,663
346345,663
346560,663
346427,664
346482,664
346488,664
346577,664
346326,665
346588,665
349994,665
346273,667
346435,667
346527,667
346570,667
350439,667
346371,668
346544,669
352685,669
346360,670
346529,670
346540,670
346552,670
352131,670
352138,670
346337,671
346510,671
346533,672
346315,673
346341,673
346448,673
346494,673
346585,673
346357,674
346358,674
352125,674
352133,674
352140,674
352144,674
346528,675
346453,676
346479,676
346598,676
346602,677
346288,678
346361,678
346412,678
346442,678
346388,679
346472,679
346619,679
346344,680
346477,680
352790,681
346348,682
357312,682
346353,683
346407,683
350962,683
346299,684
346617,684
349660,684
346449,685
346499,685
346556,685
346289,686
346292,686
346352,687
346491,687
346517,687
346557,687
346270,688
346286,688
346349,688
346389,688
346415,688
346611,688
346274,689
346284,689
346363,689
346599,689
346393,690
346445,690
346290,691
346515,691
346526,691
346513,692
346571,692
346282,693
346306,693
346525,693
348794,693
346476,694
346368,695
346511,695
346607,695
346535,696
346376,697
346401,697
346410,697
346509,697
350565,697
346325,698
346538,698
346580,698
346594,698
346616,698
346295,699
346308,699
346626,699
351294,699
346318,700
346447,700
346583,700
346340,701
346486,701
346327,702
346332,702
346395,702
346280,703
346285,703
346370,703
346409,703
346487,703
346497,703
346441,704
346568,704
346608,704
346625,704
346431,705
346283,706
346309,706
346514,706
346279,707
346549,707
346562,707
346379,708
346446,708
346300,709
346339,710
346397,710
346429,710
346466,710
346618,710
346391,711
346392,711
346405,711
346581,711
346281,712
346334,712
346406,712
346413,712
346500,712
346523,712
346542,712
346546,713
346596,714
348224,714
346312,715
346323,715
346394,715
346519,716
346521,716
346600,716
346369,717
346597,717
346411,718
346465,718
346467,718
346610,718
346402,719
346505,719
346567,720
346310,721
346396,722
346558,722
357291,722
346390,723
346420,723
346518,723
346507,724
346620,724
346461,725
346287,726
346377,726
346584,726
346553,727
356641,727
356643,727
346373,728
346414,728
346424,728
346475,728
346539,728
346425,729
346512,729
346563,729
346590,729
350390,729
360344,729
346387,730
346408,730
346276,731
346321,731
346365,731
346404,731
346578,731
346298,732
346316,732
346554,732
346603,732
346612,732
346272,733
346628,733
346502,734
354105,734
354127,734
354133,734
346462,735
346589,735
352787,736
346333,737
346355,737
346403,737
346458,738
346470,738
346579,738
346304,739
346305,739
346384,739
346545,739
346573,739
346314,740
346317,740
346351,740
346359,740
346559,740
346454,741
346456,741
346478,741
346606,741
346399,742
346438,742
346464,743
346574,743
346609,743
346269,744
346294,744
346302,744
346343,744
346452,744
346604,744
346656,745
346657,745
346673,745
346675,745
346647,746
346639,747
346655,747
346658,747
346659,747
346680,747
346633,748
346646,748
346652,748
346663,748
346635,749
346678,749
346634,750
346640,750
346650,750
346637,751
346667,751
346684,751
352094,751
346632,752
346641,752
346674,752
346681,752
346630,753
346636,753
346649,753
346671,753
346685,753
346669,754
346661,755
346677,755
346679,755
346643,756
346644,756
346664,757
346631,758
346683,758
346638,759
346662,759
346665,759
346676,759
346651,760
346653,760
346645,761
346666,761
346668,761
346648,762
346670,762
346672,762
346629,763
346642,763
346654,763
346660,763
346682,763
346688,764
346689,764
346690,764
346691,764
346692,764
346693,764
346686,765
346687,765
346695,765
346696,765
346698,765
346697,766
346701,767
346707,767
346715,768
346718,768
346708,769
346713,770
346725,770
347905,771
347908,771
347911,771
347924,772
346699,773
346712,773
346721,773
346722,773
346732,773
347917,773
355657,773
346700,774
346704,774
346714,774
346717,774
346728,774
346702,775
346706,775
346711,775
346716,775
346724,775
346731,775
347916,775
346719,776
346703,777
346710,777
346730,778
355659,778
346727,779
346705,780
346709,780
346720,780
346723,780
346726,780
346729,780
348106,781
348113,781
348114,781
348117,781
348118,781
348121,781
348122,781
348124,781
348125,781
346733,782
346734,782
346735,782
346736,782
346738,782
346743,782
346737,783
346739,783
346740,783
346741,783
346742,783
346745,784
346747,784
346750,784
346751,784
346744,786
346746,786
346748,786
346752,786
346753,786
346749,787
346754,788
346755,788
346756,788
346758,788
346759,788
346757,789
346760,790
346763,790
346764,790
346771,790
346773,790
346775,790
346761,791
346765,791
346767,791
346768,791
346770,791
346772,791
346774,791
346786,792
346779,793
348429,793
348450,793
348457,793
348462,793
348464,793
346907,794
349093,794
346777,795
346780,795
346781,795
346782,795
346783,795
346784,795
346789,795
346791,795
347021,796
346778,797
346792,797
346788,798
346790,798
347022,799
347025,799
347023,800
347024,800
346793,801
346785,802
346787,802
348461,803
348443,804
348449,804
348460,804
346815,805
347804,805
347806,805
347811,805
346797,806
346799,806
346803,806
346805,806
346806,806
346812,806
346794,807
346796,807
346800,807
346802,807
346804,807
346807,807
346814,807
346795,808
346801,808
346808,808
346809,808
346810,808
346811,808
346813,808
347815,808
346818,809
346819,809
346821,809
346825,809
346827,809
346828,809
346817,810
346826,810
346824,811
346816,812
346820,812
346822,812
346823,812
346829,812
346835,813
346847,813
346851,813
346859,814
346860,814
346858,815
346855,816
346857,816
346834,817
346853,817
346831,818
346839,819
346844,819
346846,819
346850,819
346852,819
346841,820
346843,820
346833,821
346845,821
346849,821
346837,822
346856,822
346830,823
346836,823
346832,824
346838,824
346840,824
346842,824
346848,824
346854,824
346862,825
346869,825
346870,825
346871,825
346872,825
346863,826
346864,826
346866,826
346873,826
346874,826
346861,827
346867,827
346868,827
346875,828
346886,828
346878,829
346882,829
346883,829
346887,829
346888,829
346891,829
346884,830
346889,830
346890,830
348527,830
346876,831
346877,831
346879,831
346880,831
346881,831
346885,831
348514,831
346892,832
346896,832
346893,833
346894,833
346895,833
348427,833
346898,834
346897,835
346899,835
346903,835
346906,835
346904,836
346900,837
346901,837
346902,837
346905,837
346910,838
346911,838
346914,838
346908,839
346912,839
346913,839
346909,840
346915,840
346916,840
346917,841
348841,842
348844,842
348857,842
348873,842
348906,842
346920,843
346922,843
346927,843
346928,843
346923,844
346918,845
346919,845
346921,845
346924,845
346925,845
346926,845
346929,846
346932,847
346933,847
346934,847
346937,847
346940,847
346942,847
346943,847
346931,848
346935,848
346936,849
346941,849
346930,850
346938,850
346939,850
346944,851
346945,851
346946,851
346949,852
346947,853
346951,853
346952,853
346948,854
346950,854
346953,854
346954,854
346955,855
346960,855
346956,856
346957,856
346959,856
346961,856
346963,857
346966,857
346977,857
346979,857
346983,857
346984,857
346964,858
346967,858
346969,858
346980,858
346985,858
346965,859
346978,859
346986,859
346962,860
346970,860
346972,860
346974,860
346981,860
346982,860
346968,861
346971,861
346973,861
346975,861
346976,861
346987,861
346988,862
346993,862
350095,862
346994,863
346989,864
346991,864
346992,864
354419,864
354430,864
346990,865
346995,865
346996,866
346998,866
346999,866
347001,866
347004,866
347000,867
347003,867
347002,868
346997,869
347020,870
347017,871
347012,872
347005,873
347008,873
347009,873
347015,873
347016,873
347018,873
347011,874
347014,874
347019,874
352744,874
352750,874
347006,875
347007,875
347010,875
347013,875
347041,876
347048,876
352754,876
352755,876
359188,876
347027,877
347029,877
347034,877
347049,877
347030,878
347042,878
347031,879
347043,879
347045,879
347047,879
347028,880
347039,880
347046,880
347032,881
347037,881
359211,881
347026,882
347035,882
347038,882
347040,882
347044,882
347033,883
347036,883
347051,884
347057,885
347050,886
347052,886
347053,886
347054,886
347056,886
347058,887
347059,887
347060,887
347069,887
347070,887
347067,888
347061,889
347062,889
347063,889
347064,889
347065,889
347066,889
347068,889
347074,890
347079,890
347080,890
347091,890
347092,890
347094,890
347095,890
347097,890
347081,891
347087,891
347090,891
347096,891
347089,892
348813,892
348814,892
348820,892
348821,892
348823,892
348824,892
347071,893
347075,893
347088,893
347073,894
347077,894
347083,894
347072,895
347076,895
347078,895
347082,895
347084,895
347085,895
347093,895
347100,896
347101,897
347105,897
347106,897
347099,898
347098,899
347102,899
347103,899
347104,899
347120,900
347131,900
347132,900
347139,900
353866,900
353869,900
347111,902
347118,902
347126,902
347128,902
347129,902
347135,902
347123,903
347119,904
347108,905
347109,905
347116,905
347124,905
347127,905
347136,905
347133,906
347138,906
350384,906
350420,906
350422,906
347110,907
347134,907
347137,907
347112,908
347114,908
347115,908
347107,909
347113,909
347117,909
347121,909
347122,909
347125,909
347130,909
347140,910
347146,910
347141,911
347143,911
347145,911
347147,911
347148,911
347149,911
347144,912
347142,913
347150,913
347153,914
347158,914
347161,915
347151,916
347152,916
347154,916
347156,916
347159,916
347160,916
347155,917
347157,917
347163,917
347165,917
347167,917
350205,918
350206,918
350221,918
350224,918
350228,918
354119,918
354121,918
347162,919
347164,919
347166,919
347168,920
347169,920
347172,920
347174,920
347170,921
347171,921
347173,921
347175,921
347180,922
347189,922
347187,923
347183,924
347186,924
347181,925
347184,925
347188,925
347179,926
347182,926
347185,926
347176,927
347177,927
347178,927
347190,928
347191,928
347192,929
347194,929
347199,929
347203,929
347212,929
347193,930
347202,930
347207,930
347208,930
347198,931
347201,931
347206,931
347209,931
347195,932
347197,932
347200,932
347204,932
347211,932
347196,933
347205,934
347210,934
347225,935
347229,935
347238,935
347246,935
347213,936
347214,936
347217,936
347227,936
347235,936
347237,936
347242,936
347247,936
347223,937
347243,937
353203,937
353253,937
353320,937
347221,938
347230,938
352391,938
353103,938
353233,938
347232,939
347245,939
353010,939
353065,939
353085,939
353151,939
353340,939
347215,940
347216,940
347222,940
347226,940
347231,940
347234,940
347239,940
347219,941
347220,941
347224,941
347240,941
347241,941
347218,942
347233,942
347236,942
347244,942
347228,943
347253,944
347256,944
347250,945
347590,945
347593,945
347596,945
347597,945
347248,946
347249,946
347251,946
347252,946
347254,946
347255,946
347261,947
347262,947
347263,947
347268,947
347269,947
347270,947
347271,947
347257,948
347258,948
347265,948
347267,948
347264,949
347260,950
347273,951
347277,952
347279,952
350128,952
347284,953
350126,953
356306,953
347278,954
347274,955
347275,955
347276,955
347280,955
347281,955
347282,956
347283,956
347285,957
347290,958
347286,959
347287,959
347289,960
347292,961
347293,961
347294,961
347296,961
347297,961
347298,961
347301,961
347291,962
347300,962
347302,962
347295,963
347299,963
349933,963
347305,964
347311,964
347317,964
347306,965
347310,965
347313,965
347316,965
347303,966
347304,966
347307,966
347308,966
347309,966
347312,966
347314,966
356818,966
356836,966
356839,966
347315,967
347324,968
347328,968
347319,969
347320,969
347321,969
347326,969
347330,969
347339,969
347322,970
347327,971
347333,971
347335,971
347332,972
347334,972
347318,973
347337,973
347329,974
347331,974
347338,974
347340,974
347341,974
347323,975
347325,975
351959,975
351963,975
347336,976
349812,976
347342,977
347343,977
347366,977
347368,977
347373,977
347416,977
347421,977
347353,978
347355,978
347357,978
347363,978
347365,978
347375,978
347352,980
347354,980
347346,981
347348,981
347360,981
347362,981
347367,981
347347,982
347361,982
347364,982
347374,982
347344,983
347350,983
347351,983
347356,983
347371,983
347406,983
347418,983
347419,983
347349,984
347358,984
347359,984
347369,984
347372,984
347345,985
347370,985
347376,986
347380,986
347381,986
347384,986
356787,986
347378,987
347379,987
347382,987
347386,987
347377,988
347383,988
347385,988
347387,988
347388,989
347394,989
347395,989
347397,989
347401,989
347391,990
347392,990
347393,990
347398,990
347402,990
351753,990
351797,990
347389,991
347390,991
347396,991
347400,991
347404,991
347405,991
347399,992
347403,992
347407,993
347411,993
347409,994
347415,994
347420,994
347422,994
347410,995
347412,995
347414,995
347417,995
347408,996
347413,996
347429,997
347449,997
347427,998
347431,998
347438,998
347440,999
347424,1000
347426,1000
347444,1000
347445,1000
347435,1001
347439,1001
361226,1001
361227,1001
347423,1002
347443,1002
350000,1002
361208,1002
347425,1003
347447,1003
347448,1003
347428,1004
347433,1004
347434,1004
347436,1004
347446,1004
347432,1005
347437,1005
347441,1005
347450,1005
347430,1006
347442,1006
347465,1007
347562,1007
347451,1008
347454,1008
347455,1008
347459,1008
347461,1008
347462,1008
347464,1008
347452,1009
347453,1009
347456,1009
347457,1009
347458,1009
347460,1009
347463,1010
347466,1011
347479,1011
347482,1011
347484,1011
347467,1012
347468,1012
347469,1012
347471,1012
347475,1012
347481,1012
347483,1012
347470,1013
347474,1013
347476,1013
347472,1014
347473,1014
347477,1014
347478,1014
347480,1014
347486,1015
347489,1016
347488,1017
347492,1017
347493,1017
347485,1018
347495,1019
347487,1020
347490,1020
347491,1020
347494,1020
347496,1020
347497,1021
347500,1021
347501,1021
347502,1021
347503,1021
347504,1021
350367,1021
350374,1021
350376,1021
350387,1021
350395,1021
347498,1022
347499,1023
347505,1024
347506,1024
350370,1025
350373,1025
350434,1025
347512,1026
347514,1027
347519,1027
347508,1028
347511,1028
347513,1028
347515,1028
347524,1028
347526,1029
347540,1029
347542,1029
347555,1029
347556,1029
347527,1030
347535,1030
347546,1030
347557,1030
353197,1030
347531,1031
347551,1031
347554,1031
347558,1031
347560,1031
347534,1032
347536,1032
347537,1032
347543,1032
347545,1032
347548,1032
347552,1032
351597,1032
347525,1033
347530,1033
347538,1033
347550,1033
353347,1033
347529,1034
347532,1034
347544,1034
347547,1034
347549,1034
347553,1034
353071,1034
353282,1034
347533,1035
347559,1035
347528,1036
347539,1036
347541,1036
347561,1036
347563,1037
347569,1037
347579,1037
347583,1037
347577,1038
347580,1038
347564,1039
347565,1039
347568,1039
347570,1039
347575,1039
347576,1039
347578,1039
347588,1039
347571,1040
347573,1040
347582,1040
347585,1040
347566,1041
347572,1041
347574,1041
347581,1041
347586,1041
347587,1041
347567,1042
347584,1042
347589,1043
347591,1043
347594,1043
347595,1043
347599,1043
347592,1044
347598,1044
356240,1044
347600,1045
347601,1045
347603,1045
347604,1045
347605,1045
347606,1045
347608,1045
347609,1045
350509,1046
350515,1046
350525,1046
347602,1047
347607,1047
347610,1047
347617,1048
347623,1048
347625,1048
347629,1048
347631,1048
347632,1048
347622,1049
347626,1049
347630,1049
347611,1050
347614,1050
347612,1051
347613,1052
347615,1052
347616,1052
347620,1052
347624,1052
347627,1052
347633,1052
351322,1052
347619,1053
347621,1053
347628,1053
347634,1053
355032,1054
355042,1054
347645,1055
347665,1055
347635,1056
347650,1056
347652,1056
347666,1056
360260,1056
347638,1057
347640,1058
347653,1058
347659,1058
352091,1058
360228,1058
360251,1058
347639,1059
347647,1059
347658,1059
347829,1059
360219,1059
360236,1059
360237,1059
347636,1060
347637,1060
347657,1060
347871,1060
347644,1061
347648,1061
347654,1061
347660,1061
347661,1061
347662,1061
347643,1062
347646,1062
347667,1062
347641,1063
347655,1063
347663,1063
347642,1064
347649,1064
347651,1065
347656,1065
347664,1065
347693,1066
347696,1066
347681,1067
347669,1068
347697,1068
347668,1069
347687,1069
347699,1069
347685,1070
347689,1070
347690,1070
347695,1070
347698,1070
347701,1070
354347,1071
354352,1071
354377,1071
354384,1071
354414,1071
347670,1072
347691,1072
347675,1073
347678,1073
347679,1073
347684,1073
354359,1073
347673,1074
347692,1074
347694,1074
347700,1074
347671,1075
347672,1075
347674,1075
347676,1075
347677,1075
347680,1075
347683,1075
347686,1075
347688,1075
354365,1076
354373,1076
354380,1076
354409,1076
354417,1076
347707,1077
347712,1077
347702,1078
347703,1078
347704,1078
347708,1078
347709,1078
347710,1078
347711,1078
347713,1078
347714,1078
347705,1079
347715,1080
347706,1081
347721,1082
347743,1082
347737,1083
347751,1083
347752,1083
347731,1084
347718,1085
347726,1085
347739,1085
347741,1085
347754,1085
347756,1085
347725,1086
347716,1087
347720,1087
347723,1087
347730,1087
347742,1088
355472,1088
347734,1089
347755,1089
347904,1089
347727,1090
347740,1090
347748,1090
347749,1090
347750,1090
347717,1091
347729,1091
347732,1091
347745,1091
347746,1091
347757,1091
347724,1092
347728,1092
347736,1093
347738,1093
347753,1093
347744,1094
347719,1095
347733,1095
347735,1095
347769,1096
347779,1096
350892,1096
350893,1096
347763,1097
347767,1097
347773,1097
347758,1098
347761,1098
347764,1098
347765,1098
347768,1098
347770,1098
347776,1098
347778,1098
347760,1099
347771,1099
347772,1099
347759,1100
347766,1100
347775,1100
347777,1100
347762,1101
347774,1101
347784,1102
347780,1103
347782,1103
347787,1103
347792,1103
347793,1103
347799,1103
351011,1103
351023,1103
347872,1104
347797,1105
347798,1105
353112,1105
353125,1105
353152,1105
353322,1105
347791,1106
347795,1106
347783,1107
347788,1107
347794,1107
347781,1108
347796,1108
347785,1109
347786,1109
347790,1110
347809,1111
347814,1111
347810,1112
350987,1112
350988,1112
350991,1112
350992,1112
347801,1113
347803,1113
347805,1114
347808,1114
347812,1114
347813,1114
347800,1115
347802,1115
347807,1115
347835,1116
347838,1116
360646,1116
347824,1117
347826,1117
347832,1117
347833,1117
347818,1118
347822,1118
347830,1118
347843,1118
347816,1119
347825,1119
347848,1119
347817,1120
347828,1120
347834,1120
347836,1120
347839,1120
347827,1121
347844,1121
347819,1122
347841,1122
347842,1122
352006,1122
352014,1122
352025,1122
352030,1122
352039,1122
347840,1123
347847,1123
347820,1124
347845,1124
347831,1125
347846,1125
354960,1125
354980,1125
354984,1125
347823,1126
347837,1126
347853,1127
347857,1127
347865,1127
347867,1127
347870,1128
347855,1129
347863,1129
347866,1129
347849,1130
347851,1130
347858,1130
347859,1130
347860,1130
347868,1130
347852,1131
347861,1131
347864,1131
347854,1132
347850,1133
347856,1133
347862,1133
347869,1134
347874,1135
347878,1135
347887,1135
347891,1135
347903,1135
347873,1136
347889,1136
347897,1136
347901,1136
347879,1137
347880,1137
347885,1137
347875,1138
347895,1138
347898,1138
353110,1138
353183,1138
347881,1139
347884,1139
347894,1139
347896,1140
347876,1141
347877,1141
347890,1141
347892,1141
347899,1141
347882,1142
347883,1142
347886,1142
347888,1142
347893,1142
347900,1142
347902,1142
347906,1143
347907,1143
347913,1143
347914,1143
347918,1143
347909,1144
347915,1144
347919,1144
347922,1144
347923,1144
347912,1145
347920,1146
347921,1147
347910,1148
347925,1148
347926,1149
353325,1149
347927,1150
347930,1150
347938,1150
347946,1150
347932,1151
347942,1151
347933,1152
347937,1152
347945,1152
347928,1153
347931,1153
347934,1153
347944,1153
347947,1153
347936,1154
347940,1154
347943,1154
347929,1155
347935,1155
347939,1155
347941,1155
347948,1155
347957,1156
347963,1157
347964,1157
347951,1158
347955,1158
347956,1158
347954,1159
347958,1159
347959,1159
347960,1159
347962,1159
347965,1159
347967,1159
347953,1160
347961,1160
347966,1160
347949,1161
347950,1161
347952,1161
347972,1162
347979,1162
348026,1162
347989,1163
347992,1163
348005,1163
348018,1163
348029,1163
347996,1164
348022,1164
347987,1165
348003,1165
348006,1165
348031,1165
347974,1166
347975,1166
347990,1166
347997,1166
348002,1166
347984,1167
347993,1167
348023,1167
348033,1167
347986,1168
347998,1168
348007,1168
348015,1168
348020,1168
348021,1168
348032,1168
347983,1169
348025,1169
348027,1169
348037,1169
352059,1169
348001,1170
348036,1171
348895,1172
348019,1173
347988,1174
347999,1174
348011,1174
348024,1174
347968,1175
347982,1175
347991,1175
348000,1175
348008,1175
348035,1175
358524,1175
358525,1175
347969,1176
347971,1176
347973,1176
347978,1176
347980,1176
347981,1176
347985,1176
348012,1176
348030,1176
348034,1176
347970,1177
347995,1177
348004,1177
348014,1177
347976,1178
348017,1179
347977,1180
347994,1180
348016,1180
348028,1180
348058,1181
348053,1182
348059,1182
348072,1182
348048,1183
348049,1183
348054,1183
348056,1183
348075,1183
348041,1184
348055,1184
348062,1184
348068,1184
348071,1184
348082,1184
348052,1185
348042,1186
348084,1186
348064,1187
348066,1188
348777,1188
353960,1188
348065,1189
348073,1189
348077,1189
348088,1189
348081,1190
348043,1191
348045,1191
348070,1191
348074,1191
348078,1191
348083,1191
348040,1192
348050,1192
351686,1192
348060,1193
348079,1193
348039,1194
348044,1194
348051,1194
348080,1194
348038,1195
348057,1196
348061,1196
348086,1196
348046,1197
348047,1197
348063,1197
348067,1197
348069,1197
348076,1197
348085,1197
348087,1197
348089,1197
348103,1198
348094,1199
348101,1199
348102,1199
353723,1199
348096,1200
348099,1200
348104,1200
348105,1200
348090,1201
348091,1201
348092,1201
348093,1201
348095,1201
348097,1201
348098,1201
348100,1201
348108,1202
348110,1202
348111,1202
348119,1202
348120,1202
348130,1202
348109,1203
348112,1203
348115,1203
348127,1203
348107,1204
348116,1204
348123,1204
348126,1204
348128,1204
348129,1204
348138,1205
348157,1205
354829,1205
348137,1206
348140,1206
348155,1206
348160,1206
348132,1207
348149,1207
348153,1207
348135,1208
348148,1208
348152,1208
348133,1209
348141,1209
348143,1209
348145,1209
348151,1209
348154,1209
348156,1209
348158,1209
348131,1210
348134,1211
348136,1211
348139,1211
348142,1211
348147,1211
348150,1211
348159,1211
348144,1212
348146,1212
348175,1213
348189,1213
348192,1213
348186,1214
348191,1214
348161,1215
348176,1215
348195,1215
348184,1216
350863,1216
350866,1216
348171,1217
348187,1217
352914,1217
348165,1218
348168,1218
348205,1218
352913,1218
352915,1218
348190,1219
348193,1219
348179,1220
348197,1220
348199,1220
348200,1220
348196,1221
350865,1221
348181,1222
348203,1222
348163,1223
348194,1223
348202,1223
348162,1224
348170,1224
348174,1224
348180,1224
348182,1224
348185,1224
348198,1224
348172,1225
348201,1225
348164,1226
348166,1226
348169,1226
348177,1226
348178,1227
348167,1228
348173,1228
348183,1228
348188,1228
348204,1228
348211,1229
348207,1230
348209,1230
348213,1230
348214,1230
348215,1230
348218,1230
348219,1230
348208,1231
348210,1231
348206,1232
348216,1232
348217,1232
348221,1233
348222,1233
349094,1233
349179,1233
349181,1233
348220,1234
348212,1235
348240,1236
348903,1237
348238,1238
348223,1239
348230,1239
348234,1239
348226,1240
348239,1240
348227,1241
348229,1241
348231,1241
348232,1241
348235,1241
348237,1241
348225,1242
348228,1242
348233,1242
348236,1242
348242,1243
348246,1243
348261,1243
348268,1243
348270,1243
348273,1243
348278,1243
348258,1244
348264,1244
348277,1244
350706,1244
350711,1244
352966,1244
352973,1244
352977,1244
352978,1244
348262,1245
348272,1245
350705,1245
350709,1245
351866,1245
348241,1246
348245,1246
348249,1246
348251,1246
348260,1246
348279,1246
348275,1247
348248,1248
348257,1248
348259,1248
348280,1248
348252,1249
348269,1249
348274,1249
348247,1250
348250,1250
348271,1250
348243,1251
348254,1251
348256,1252
348253,1253
348263,1253
348265,1253
348244,1254
348255,1254
348266,1254
348267,1254
348276,1254
348285,1255
348281,1256
348282,1256
348283,1256
348287,1256
348291,1256
353560,1256
348288,1257
348284,1258
348286,1258
348289,1258
348290,1258
348292,1258
348308,1259
348381,1259
348411,1259
348387,1260
348301,1261
348386,1261
348398,1261
348415,1261
348422,1261
348297,1262
348352,1262
348389,1262
348390,1262
348393,1262
348327,1263
348395,1263
348399,1263
348294,1264
348319,1265
348349,1265
348365,1265
348312,1266
348359,1266
348376,1266
348401,1266
348322,1267
348325,1267
348369,1268
348317,1269
348323,1269
348364,1269
348366,1269
348388,1269
348310,1270
348336,1270
348357,1270
348367,1270
348419,1270
348309,1271
348328,1271
348360,1271
348363,1271
348368,1271
348340,1272
348358,1273
348384,1273
348338,1274
348346,1274
348361,1274
348372,1274
348379,1274
348316,1275
348345,1275
348421,1276
348354,1277
348402,1277
348408,1277
348416,1277
348303,1278
348353,1278
348375,1278
348383,1278
348403,1278
348405,1278
352940,1278
348396,1279
348304,1280
348315,1280
348370,1280
348302,1281
348311,1281
348350,1281
348373,1281
348300,1282
348420,1282
348418,1283
348298,1284
348306,1284
348330,1284
348335,1284
348341,1284
348348,1284
348374,1285
348307,1286
348409,1286
348343,1287
348400,1287
348404,1287
348378,1288
348318,1289
348331,1289
348332,1289
348333,1289
348394,1289
348407,1289
348410,1289
348412,1289
348339,1290
348296,1291
348347,1291
348397,1291
348342,1292
348351,1292
348391,1292
352928,1292
352932,1292
348295,1293
348324,1293
348392,1293
348413,1293
348313,1294
348326,1294
348329,1294
348362,1294
348337,1295
348385,1295
348406,1295
348417,1295
348320,1296
348371,1296
353393,1296
348293,1297
348334,1297
348355,1297
348424,1297
348299,1298
348305,1298
348344,1298
348425,1298
349180,1298
348380,1299
348414,1299
348382,1300
348453,1301
350823,1302
350826,1302
350830,1302
350831,1302
348454,1303
348467,1303
348435,1304
348440,1304
348445,1304
348448,1304
348438,1305
348446,1305
348447,1305
348431,1306
348441,1306
348428,1307
348437,1307
348456,1307
348426,1308
348430,1308
348444,1308
348455,1308
348468,1308
348469,1308
348439,1309
348451,1309
348452,1309
348470,1309
349182,1309
348442,1310
348459,1310
348463,1311
348465,1311
348432,1312
348433,1312
348434,1312
348436,1312
348458,1312
348466,1312
348471,1312
348482,1313
348494,1313
352995,1313
348476,1314
348481,1314
348484,1314
348488,1314
348491,1314
348474,1315
348486,1315
348490,1315
348493,1315
353013,1315
353135,1315
348472,1316
348473,1316
348475,1316
348479,1316
348483,1316
348485,1316
348489,1316
348492,1316
348477,1317
348478,1317
348480,1317
348487,1317
348499,1318
348512,1318
348518,1318
348522,1318
348525,1318
348529,1318
348502,1319
348509,1319
348511,1319
348539,1319
348498,1320
348505,1320
348513,1320
348542,1320
348500,1321
348508,1321
348510,1321
348517,1321
348521,1321
348496,1322
348503,1322
348507,1322
348535,1322
348536,1322
348497,1323
348506,1323
348515,1324
348541,1324
348516,1325
348528,1325
348531,1325
348532,1325
348537,1325
348519,1326
348533,1326
348543,1326
348523,1327
348495,1328
348530,1328
348534,1328
348540,1328
352301,1328
348501,1329
348520,1329
348524,1329
348526,1329
348538,1329
348566,1330
348583,1330
348593,1330
348595,1330
348596,1330
348612,1330
348578,1331
348585,1331
348588,1331
348623,1331
348636,1331
348597,1332
348544,1333
348611,1333
348616,1333
348554,1334
348592,1334
348613,1334
348615,1334
348618,1334
348621,1334
348633,1334
348642,1334
348548,1335
348547,1336
348584,1336
348609,1336
348617,1336
348600,1337
348643,1337
348552,1338
348599,1338
348625,1338
348644,1338
348647,1338
348572,1339
348610,1339
348627,1339
348631,1339
348634,1339
348549,1340
348577,1340
348606,1340
348630,1340
348645,1340
348551,1341
348582,1341
348598,1341
348614,1341
348562,1342
348604,1342
348555,1343
348560,1343
348563,1343
348545,1344
348559,1344
348579,1344
348626,1344
348558,1345
348564,1345
348571,1345
348586,1345
348601,1345
348620,1345
348624,1345
348567,1346
348580,1346
348594,1346
348602,1346
348550,1347
348557,1347
348581,1347
348573,1348
348629,1348
348640,1348
348646,1348
348553,1349
348556,1349
348576,1349
348587,1349
348590,1349
348628,1349
348639,1349
348638,1350
348565,1351
348568,1351
348569,1351
348603,1351
348608,1351
348619,1351
348637,1352
348546,1353
348561,1353
348622,1353
348607,1354
348632,1354
348641,1354
348574,1355
348589,1356
348605,1356
348570,1357
348575,1357
348591,1357
348635,1357
348653,1358
348656,1358
348657,1358
348658,1358
348685,1358
348650,1359
348669,1359
348671,1359
348672,1359
348675,1359
348679,1359
348680,1359
348649,1360
348665,1360
348654,1361
348663,1361
348684,1361
348655,1362
348662,1362
348664,1362
348678,1362
348660,1363
348661,1363
348668,1363
348670,1363
348673,1363
348648,1364
348652,1364
348667,1364
348674,1364
348687,1364
348683,1365
348651,1366
348659,1366
348677,1366
348686,1366
348676,1367
348666,1368
348681,1368
348682,1368
348688,1368
348702,1369
348710,1369
348733,1369
348746,1369
348750,1369
348761,1369
348768,1369
348692,1370
348760,1371
348709,1372
348713,1372
348716,1372
348723,1372
348728,1372
348749,1372
348704,1373
348727,1373
348732,1373
348758,1373
348711,1374
348753,1374
348715,1375
348729,1375
348730,1375
348740,1375
348748,1375
348771,1375
348706,1376
348745,1376
348756,1376
348772,1376
354862,1376
354869,1376
348694,1377
348695,1377
348717,1377
348718,1377
348719,1377
348736,1377
348742,1377
348751,1377
348755,1377
348770,1377
348774,1377
348765,1378
348689,1379
348757,1379
348769,1379
348708,1380
348720,1380
348721,1380
348724,1380
348725,1380
348767,1380
348691,1381
348754,1381
348739,1382
348712,1383
348726,1384
348773,1384
348693,1385
348697,1385
348701,1385
348737,1385
348762,1385
348766,1385
348696,1386
348705,1386
348707,1386
348714,1386
348722,1386
348734,1386
348731,1387
348741,1387
348747,1387
348752,1387
354863,1387
348703,1388
348735,1388
348738,1388
348763,1388
348690,1389
348698,1389
348744,1389
348759,1389
348699,1390
348700,1390
348743,1390
348764,1390
348778,1391
348779,1392
348787,1392
348789,1392
348782,1393
348791,1393
348780,1394
348781,1394
348784,1394
348775,1395
348776,1396
348788,1396
348790,1396
351708,1396
348783,1397
348786,1397
348785,1398
348797,1399
348800,1399
348805,1399
348810,1399
351392,1399
348793,1400
348795,1400
348811,1401
348796,1402
348803,1402
348806,1402
348809,1402
348792,1403
348798,1403
348799,1403
348802,1403
348807,1403
348801,1404
348804,1404
348808,1404
348812,1405
348828,1405
348836,1405
348816,1406
348817,1406
348819,1406
348827,1407
348829,1407
353810,1407
353819,1407
348825,1408
348826,1408
348830,1408
348833,1408
348835,1408
348815,1409
348832,1409
348834,1409
353804,1409
348818,1410
348822,1410
348831,1411
348902,1412
348900,1413
348839,1415
348845,1415
348866,1415
348889,1415
348894,1415
348909,1415
348879,1416
348882,1416
348891,1416
348897,1416
348898,1416
348885,1417
348843,1418
348859,1418
348860,1418
348850,1419
348856,1419
348846,1420
348868,1420
348871,1420
348883,1420
348890,1420
348869,1421
348851,1422
348864,1422
348878,1423
352688,1423
352693,1423
352711,1423
352716,1423
352899,1423
348849,1424
348853,1424
348854,1424
348858,1424
348884,1424
348887,1424
348861,1425
348876,1425
348881,1425
348886,1425
348888,1425
348893,1425
348901,1425
352713,1425
348838,1426
348863,1426
348867,1426
348862,1427
348865,1427
348870,1427
348875,1427
348877,1427
348880,1427
348905,1427
348896,1428
348899,1428
353476,1428
353485,1428
348837,1429
348842,1429
348874,1429
348848,1430
348855,1430
348872,1430
348904,1430
348908,1430
348892,1431
348931,1432
348913,1433
348916,1433
348919,1433
348923,1433
348924,1433
348926,1433
348933,1433
348915,1434
348921,1435
348911,1436
348914,1436
348917,1436
348918,1436
348922,1436
348932,1436
348934,1436
348910,1437
348928,1437
348912,1438
348920,1438
348925,1438
348927,1438
348930,1438
348929,1439
348939,1440
348944,1441
348949,1441
348955,1441
353172,1441
348945,1442
348947,1442
348952,1442
348953,1442
353297,1442
348936,1443
348941,1443
348942,1443
348943,1443
348950,1443
348951,1443
348954,1443
348956,1443
351802,1443
348935,1444
348937,1444
348946,1444
348948,1444
348938,1445
348940,1445
348962,1446
348972,1446
348983,1446
348966,1447
348968,1447
348970,1447
348971,1447
348977,1447
348978,1447
348982,1447
348957,1448
348964,1449
348965,1449
348973,1449
348974,1450
352457,1450
348960,1451
348984,1452
348980,1453
348958,1454
348967,1454
348961,1455
348981,1456
352452,1456
354275,1456
354281,1456
354282,1456
348959,1457
348963,1457
348969,1457
348979,1457
348975,1458
348976,1458
348985,1460
348991,1461
348992,1461
348993,1461
348987,1462
348989,1462
348995,1463
348986,1464
348999,1464
349000,1465
348996,1467
348998,1467
348988,1468
348990,1468
348994,1468
349011,1469
349035,1469
349004,1470
353567,1470
349012,1471
349014,1471
349030,1472
349031,1472
349025,1473
349029,1473
349034,1474
349020,1475
349003,1476
349015,1476
349024,1476
349032,1476
349002,1477
349007,1477
349013,1477
349016,1477
349022,1477
349028,1477
349005,1478
349008,1478
349018,1478
349019,1478
349021,1478
349023,1478
349027,1478
349036,1478
349039,1479
349006,1480
349009,1480
349010,1480
349033,1480
349017,1481
349026,1481
349037,1481
349038,1481
351204,1481
351212,1481
351234,1481
349041,1482
349072,1482
349043,1483
349054,1483
349064,1484
349047,1485
349053,1485
349040,1486
349057,1486
349061,1486
349068,1486
349078,1486
349046,1487
349048,1488
349055,1488
349060,1488
349066,1488
349073,1489
349049,1490
349059,1490
349069,1490
349080,1490
349050,1491
349063,1491
349070,1491
349071,1491
349065,1492
349044,1493
349045,1493
349058,1493
349062,1493
349074,1493
349075,1493
349076,1493
349077,1493
349042,1494
349051,1494
349052,1494
349056,1494
349067,1494
349079,1494
349083,1495
349084,1495
349086,1495
349088,1495
349092,1495
349091,1496
349087,1497
353254,1497
353345,1497
356157,1497
356174,1497
356175,1497
349081,1498
349089,1498
351991,1498
352009,1498
352029,1498
353336,1498
349082,1499
349085,1499
349090,1500
349095,1501
349107,1502
349109,1502
349126,1503
349115,1504
349145,1504
349159,1504
349102,1505
349103,1505
349106,1505
349111,1505
349130,1505
349122,1506
349148,1506
349157,1506
349155,1507
351589,1507
351593,1507
351595,1507
351607,1507
351608,1507
349151,1508
349096,1509
349099,1509
349129,1509
349146,1509
349160,1509
349097,1510
349113,1511
349143,1511
354831,1511
354833,1511
354838,1511
349112,1512
349133,1512
349110,1513
349114,1513
349132,1513
349134,1513
349136,1513
349138,1513
349141,1513
349150,1513
349119,1514
349158,1514
349116,1515
349128,1515
351584,1515
351596,1515
351603,1515
351609,1515
349104,1516
349108,1516
349152,1516
349101,1517
349137,1517
349140,1518
349105,1519
349100,1520
349124,1520
349144,1520
349147,1520
349149,1520
349098,1521
349118,1521
349135,1522
349154,1522
349117,1523
349120,1523
349131,1523
349142,1523
349153,1523
349123,1524
349127,1524
349139,1524
349156,1524
349161,1525
349163,1525
349168,1525
349173,1525
349176,1525
349167,1526
349164,1527
349169,1527
349165,1528
349171,1528
349174,1528
349177,1528
349170,1529
349172,1529
349175,1529
349178,1530
349162,1531
349166,1531
354846,1531
349184,1532
349187,1532
349189,1532
349190,1532
349191,1532
349193,1532
349194,1532
349183,1533
349195,1533
349202,1533
349186,1534
349196,1534
349197,1534
349198,1534
349199,1534
349203,1534
349185,1535
349188,1535
349192,1535
349200,1535
349201,1535
349204,1535
349209,1536
349214,1536
349228,1536
349210,1537
349213,1537
349217,1537
349223,1537
349206,1538
354225,1538
349211,1539
349215,1539
349218,1539
349222,1539
349225,1539
349205,1540
349212,1540
349219,1540
349220,1540
349227,1540
349207,1541
349208,1541
349216,1541
349221,1541
349224,1541
349226,1541
349229,1542
349232,1542
349233,1542
349237,1542
349238,1542
349236,1543
349239,1543
349230,1544
349234,1544
349240,1544
349231,1545
349235,1545
349241,1546
349258,1546
349247,1547
349261,1547
351702,1547
351704,1547
349256,1548
349260,1548
349272,1548
349249,1549
349255,1549
349259,1549
349263,1549
349264,1549
349266,1549
353860,1549
349244,1550
349248,1550
349273,1550
349274,1550
349277,1550
349243,1551
349254,1551
349275,1551
349276,1551
349242,1552
349246,1552
349262,1552
349265,1552
349270,1552
349278,1552
349245,1553
349253,1553
349257,1553
349267,1553
349268,1553
349269,1553
349271,1553
349279,1554
349281,1555
349308,1555
349301,1556
349307,1556
349316,1556
349320,1556
349297,1557
349318,1557
349319,1558
349282,1559
349298,1559
349288,1560
349293,1560
349296,1560
349305,1560
349284,1561
349294,1561
349304,1561
349280,1562
349287,1562
349292,1562
349299,1562
349310,1562
349315,1562
349317,1562
349289,1563
349291,1563
349313,1563
349303,1564
349309,1564
349283,1565
349286,1565
349290,1565
349311,1565
349314,1565
349285,1566
349295,1566
349300,1566
349302,1566
349306,1566
349312,1566
349338,1567
349340,1567
349329,1568
349342,1568
349343,1568
349345,1568
349331,1569
349336,1569
349333,1570
349351,1570
349358,1570
349325,1571
349339,1571
349346,1571
349348,1571
349350,1571
349321,1572
349323,1572
349344,1572
349347,1572
349349,1572
349353,1572
349354,1572
349326,1573
349327,1573
349328,1574
349335,1575
349352,1575
349356,1575
349337,1576
349341,1576
349332,1577
349322,1578
349324,1578
349330,1578
349334,1578
349355,1578
349357,1578
349368,1579
349362,1580
349367,1581
349365,1582
349361,1583
349366,1583
349369,1583
349370,1583
349371,1583
354571,1583
354581,1583
354586,1583
349359,1584
349363,1584
349364,1584
349360,1585
349376,1586
349382,1586
349385,1586
349394,1586
349411,1586
349379,1587
349400,1587
349422,1587
349374,1588
349404,1589
349373,1590
349381,1590
349391,1590
349396,1590
349415,1590
349419,1590
349425,1590
349413,1591
349380,1592
349403,1593
349412,1593
349416,1593
349430,1593
349372,1594
349388,1594
349390,1594
349418,1594
349420,1594
349429,1594
349398,1595
349407,1595
349417,1595
349431,1595
349393,1596
349384,1597
349402,1597
349421,1598
349424,1598
349383,1599
349387,1599
349405,1599
349377,1600
349397,1600
349410,1600
349428,1600
349386,1601
349432,1601
349409,1602
349378,1603
349392,1604
349395,1604
349399,1604
349401,1604
349408,1604
349414,1606
349423,1606
349375,1607
349389,1607
349426,1607
349427,1607
349440,1608
349474,1609
349435,1610
349447,1610
349452,1610
349457,1610
349467,1610
349469,1610
349456,1611
349468,1611
349475,1611
349441,1612
349442,1612
349449,1612
349464,1612
349436,1613
349438,1613
349439,1613
349454,1613
349460,1613
349463,1613
349465,1613
349470,1613
349471,1613
349476,1613
349443,1614
349450,1614
349445,1615
349455,1615
349477,1615
349473,1616
349444,1617
349458,1617
349459,1617
349461,1617
349462,1617
349466,1617
349433,1618
349437,1618
349448,1618
349451,1618
349472,1618
349453,1619
349480,1620
349481,1620
349498,1620
349499,1620
349489,1621
349500,1621
349505,1621
349511,1621
349479,1622
349494,1622
349495,1622
349510,1622
349512,1622
349515,1622
349484,1623
349483,1624
349491,1624
349503,1624
349507,1624
349485,1625
349492,1625
349501,1625
349502,1625
349509,1625
349487,1626
349490,1626
349493,1626
349513,1626
353726,1626
349482,1627
349486,1627
349488,1627
349496,1627
349497,1627
349504,1627
349506,1627
349508,1627
349514,1627
349478,1628
349536,1629
349518,1630
349528,1630
349538,1630
349560,1630
349543,1631
349544,1631
349545,1631
349519,1632
349521,1632
349527,1632
349530,1632
349532,1632
349535,1632
349548,1632
349547,1633
349564,1633
349568,1633
349525,1634
349533,1634
349569,1634
349517,1635
349559,1635
349522,1636
349526,1636
349531,1636
349534,1636
349539,1636
349567,1636
355634,1636
349524,1637
349516,1638
349529,1638
349537,1638
349540,1638
349546,1638
349549,1638
349555,1638
349561,1638
355642,1638
349562,1639
349571,1639
349523,1640
349554,1640
349541,1641
349563,1641
349565,1641
349520,1642
349552,1642
349556,1642
349557,1642
349558,1642
349570,1642
352437,1642
349542,1643
349551,1643
349572,1643
349550,1644
349553,1645
349566,1645
349592,1646
349611,1646
349631,1646
349632,1646
349575,1647
349602,1647
349606,1647
349610,1647
349622,1647
349589,1648
349595,1648
349605,1648
349608,1648
349624,1648
349574,1649
349619,1649
349617,1650
349638,1650
349601,1651
349614,1651
349594,1652
349613,1652
351133,1652
349573,1653
349579,1653
349583,1653
349587,1653
349607,1653
349609,1653
349604,1654
349626,1654
349591,1655
349615,1655
349625,1655
349580,1656
349621,1656
354178,1656
349582,1657
349586,1657
349588,1657
349590,1657
349598,1657
349623,1657
349627,1657
349639,1657
349599,1658
349616,1658
349630,1658
349640,1658
349578,1659
349629,1659
349581,1660
349618,1660
349628,1660
349633,1660
349636,1660
349584,1661
349600,1661
349603,1661
349612,1661
349620,1661
349637,1661
349576,1662
349634,1662
349593,1663
349577,1664
349585,1664
349597,1664
349635,1664
349641,1664
349596,1665
349646,1666
349647,1666
349648,1666
349643,1667
349650,1667
353015,1667
353211,1667
353259,1667
353330,1667
349642,1668
349644,1668
349645,1668
349649,1668
349651,1668
349655,1669
349659,1669
349661,1669
349664,1669
349665,1669
349669,1669
349652,1670
349656,1670
349663,1670
349670,1670
349653,1671
349662,1671
349667,1672
349654,1673
349657,1673
349658,1673
349666,1673
349668,1673
349673,1674
349674,1675
358077,1675
358084,1675
358087,1675
358089,1675
349672,1676
349709,1677
349700,1678
353350,1678
349697,1679
349752,1679
349694,1680
349708,1680
349717,1680
349722,1680
349721,1681
349739,1681
349680,1682
349705,1682
349707,1682
349712,1682
349732,1682
349753,1683
351236,1683
351251,1683
349685,1684
349687,1684
349706,1684
349711,1684
349731,1684
349740,1684
349741,1684
349678,1685
349691,1685
349696,1685
349679,1686
349686,1686
349724,1686
349733,1686
349677,1687
349688,1687
349744,1687
349746,1687
349675,1688
349693,1688
349727,1688
349703,1689
349728,1689
349729,1689
349745,1689
349748,1689
349751,1689
349704,1690
349714,1690
349699,1691
352112,1692
352113,1692
352114,1692
352115,1692
352119,1692
349730,1693
349738,1693
349742,1693
349676,1694
349718,1694
349737,1694
349682,1695
349716,1695
349710,1696
349715,1696
349692,1697
349681,1698
349683,1698
349701,1698
349702,1698
349750,1698
349720,1699
349725,1699
349743,1700
349689,1701
349698,1701
349719,1701
349726,1701
349735,1701
349747,1701
349749,1701
353273,1702
358075,1702
349684,1703
349690,1703
349736,1703
349723,1704
353170,1704
349757,1705
349762,1705
349766,1706
349755,1707
349756,1707
349758,1707
349774,1707
349767,1708
349773,1708
349775,1708
349779,1708
349763,1709
349765,1709
349760,1710
349754,1711
349761,1711
349770,1711
349771,1711
349776,1711
349778,1711
349769,1712
349772,1712
349777,1712
349759,1713
349764,1713
349768,1713
349790,1714
349793,1714
349795,1714
349816,1714
349784,1715
349797,1716
349804,1716
349811,1716
349813,1716
349782,1717
349783,1717
349800,1717
349803,1717
349789,1718
349792,1718
349806,1718
349819,1718
349780,1719
349794,1719
349787,1720
349798,1720
349807,1720
349785,1721
349796,1721
349810,1721
349786,1722
349805,1722
349808,1722
349791,1723
349799,1723
349801,1723
349802,1723
349809,1723
349818,1723
349820,1723
349824,1724
349821,1725
349822,1725
349823,1725
349825,1725
349849,1726
349862,1726
349832,1727
349853,1727
349856,1727
349864,1727
349852,1728
349846,1729
349850,1729
349860,1729
349865,1729
349836,1730
349854,1730
349834,1731
349843,1731
349855,1731
349869,1731
351763,1731
351792,1731
351799,1731
349827,1732
349848,1732
349858,1732
349870,1732
349841,1733
349859,1733
349851,1734
349830,1735
349833,1735
349845,1735
349847,1735
349867,1735
349838,1736
349868,1736
349826,1737
351761,1737
349839,1738
349844,1738
349829,1739
349842,1739
349857,1739
349828,1740
349840,1740
349861,1740
349835,1741
349831,1742
349837,1742
349863,1742
349866,1742
349874,1743
349881,1743
349894,1743
349901,1743
349902,1743
349903,1743
349907,1743
349892,1744
349917,1745
349886,1746
349893,1746
350092,1746
349888,1747
349912,1747
349913,1747
349910,1748
349884,1749
349895,1749
351942,1749
351945,1749
349875,1750
349879,1750
349890,1750
349891,1750
349904,1750
349911,1750
349878,1751
349905,1751
349908,1751
349918,1751
349871,1752
349899,1752
349916,1752
349877,1753
349889,1753
349896,1753
349876,1754
349882,1754
349887,1755
349880,1756
349900,1756
349909,1756
349915,1756
349883,1757
349872,1758
349885,1758
349919,1758
350102,1758
349897,1759
349898,1760
349873,1761
349914,1761
349906,1762
349921,1763
351962,1763
351972,1763
351977,1763
349922,1764
349924,1764
349925,1764
349926,1764
349927,1764
351961,1764
349920,1765
349923,1765
349928,1765
349929,1766
349930,1766
349931,1766
349932,1766
349934,1766
349936,1766
349937,1766
349935,1767
349938,1767
349939,1767
349947,1768
349948,1768
349951,1768
349952,1768
351749,1768
349941,1769
349943,1769
349946,1769
349950,1769
349940,1770
349942,1770
349944,1770
349945,1770
349949,1770
349954,1771
349968,1771
349972,1771
353677,1771
349956,1772
349962,1772
349965,1772
349966,1772
349963,1773
349964,1773
349953,1774
349959,1774
349969,1774
349971,1774
349955,1775
349957,1775
349958,1775
349960,1775
349961,1775
349967,1775
349970,1775
349975,1776
349980,1776
349982,1776
349988,1776
349991,1776
349992,1776
349993,1776
349995,1776
349973,1777
349976,1777
349979,1777
349985,1777
349990,1777
349974,1778
349977,1778
349983,1778
349989,1779
349978,1780
349981,1780
349984,1780
349986,1780
349998,1781
350004,1781
350005,1781
349999,1782
350001,1782
350002,1782
361223,1782
349996,1783
349997,1783
350003,1783
350024,1784
350008,1785
350012,1785
350013,1785
350019,1785
350021,1785
350031,1785
350014,1786
350017,1786
350020,1786
350026,1786
350028,1786
350007,1787
350010,1787
350016,1787
350022,1787
350023,1787
350027,1787
350030,1787
350006,1788
350009,1788
350011,1788
350015,1788
350025,1788
350032,1788
350394,1788
350018,1789
350029,1789
350034,1790
350053,1791
350057,1791
350058,1791
350035,1792
350036,1792
350043,1792
350033,1793
350037,1793
350041,1793
350044,1793
350047,1793
350052,1793
350046,1794
350050,1794
350049,1795
350045,1796
352216,1796
352220,1796
350042,1797
350048,1797
350038,1798
352224,1798
350040,1799
350051,1799
350059,1799
350070,1800
350072,1800
350075,1800
350078,1800
350079,1800
350088,1800
350090,1800
350091,1800
351952,1800
350076,1801
353156,1801
353232,1801
353319,1801
350062,1802
350066,1802
350084,1802
350087,1802
350067,1803
350068,1803
350071,1803
350073,1803
350086,1803
350074,1804
350080,1804
350061,1805
350063,1805
350081,1805
350083,1805
350085,1805
350089,1805
350082,1806
350064,1807
350065,1807
350077,1807
353224,1807
350069,1808
350098,1809
350103,1809
350104,1809
350094,1810
350097,1810
350099,1810
350101,1810
350105,1810
354434,1810
354443,1810
350093,1811
350100,1812
350106,1812
350096,1813
350108,1814
350110,1814
350111,1814
350112,1814
350107,1815
350109,1815
350113,1815
350115,1816
350120,1816
350122,1816
350123,1816
350125,1816
350129,1816
350130,1816
350132,1816
350116,1817
350117,1817
350118,1817
350119,1817
350121,1817
350127,1818
350131,1819
350124,1820
350433,1820
350835,1820
350114,1822
350138,1823
350144,1823
350154,1823
350159,1823
350173,1823
350180,1823
350136,1824
350179,1824
350133,1825
350169,1825
350171,1825
350158,1826
350175,1826
350150,1827
350156,1827
350168,1827
350172,1827
350184,1827
354705,1827
350186,1828
350146,1829
350151,1829
350176,1829
350181,1829
350188,1829
350135,1830
350141,1830
350160,1830
350161,1830
350165,1830
350174,1830
350189,1830
350162,1831
350190,1831
350191,1831
350134,1832
350137,1832
350167,1832
350152,1833
350155,1833
350185,1834
350139,1835
350140,1835
350143,1835
350166,1835
350170,1835
352752,1835
350147,1836
350157,1836
350163,1836
350187,1836
350145,1837
350149,1838
350182,1838
350177,1839
350178,1839
350153,1840
350620,1840
350622,1840
350142,1841
350148,1841
350164,1841
350183,1841
350193,1842
350195,1842
350198,1842
350200,1842
350201,1842
350192,1843
350194,1843
350196,1843
350197,1843
350199,1843
350219,1844
350210,1845
350212,1845
350218,1845
350220,1845
350230,1845
350204,1846
350214,1846
350216,1846
350203,1847
350217,1847
350227,1847
350229,1847
350231,1847
350202,1848
350211,1848
350209,1849
350215,1849
350207,1850
350208,1850
350222,1850
350223,1850
350213,1851
350225,1851
350226,1851
350233,1852
350247,1852
350249,1852
350252,1852
350259,1852
350245,1853
350254,1853
350238,1854
352369,1854
352373,1854
352379,1854
352384,1854
352387,1854
350232,1855
350244,1855
350246,1855
350253,1855
350258,1855
350236,1857
350243,1857
350248,1857
350250,1857
350251,1857
350260,1857
350242,1858
352364,1858
350234,1859
350241,1859
350256,1859
350235,1860
350237,1860
350239,1860
350240,1860
350257,1860
350255,1861
350264,1862
350271,1862
350276,1862
350279,1862
350272,1863
350275,1863
350262,1864
350263,1865
350265,1865
350267,1865
350277,1865
350284,1865
350288,1865
350266,1866
350269,1866
350278,1866
350285,1866
350273,1867
350286,1867
350287,1867
350281,1868
350261,1869
350268,1869
350270,1869
350274,1869
350280,1869
350289,1870
350290,1870
350291,1870
350292,1870
350293,1870
350295,1871
350298,1871
350302,1871
350304,1871
350312,1871
350294,1872
350301,1872
350307,1872
350311,1872
350315,1872
350296,1873
350297,1873
350303,1873
350317,1873
350318,1873
350313,1874
350321,1874
350305,1875
350308,1875
350319,1875
350299,1876
350300,1876
350309,1876
350310,1876
350314,1876
350316,1876
350325,1877
350327,1877
350328,1877
350332,1877
350333,1877
350335,1877
350337,1878
350339,1878
350338,1879
350323,1880
350326,1880
350329,1880
350334,1880
350322,1881
350331,1881
350324,1882
350330,1882
350336,1882
350346,1883
350364,1883
356483,1883
350342,1884
350350,1884
350357,1884
350362,1884
350340,1885
350359,1885
350360,1885
350344,1886
350348,1886
350355,1886
350343,1887
350354,1887
350352,1888
350353,1888
350356,1888
350358,1888
350361,1888
350341,1889
350347,1889
350349,1889
350365,1890
350424,1891
350665,1891
350368,1892
350392,1892
350418,1892
350431,1892
350435,1892
350955,1892
350425,1893
351820,1893
360334,1893
350404,1894
350437,1894
350371,1895
350381,1895
350389,1895
350447,1895
350449,1895
350409,1896
350416,1897
350427,1897
350690,1898
352194,1898
352201,1898
352202,1898
352203,1898
352210,1898
352214,1898
350391,1899
350397,1899
350436,1899
352191,1899
352316,1899
350372,1900
350380,1900
350386,1900
350399,1900
350402,1900
350415,1900
350375,1901
350401,1901
350406,1902
350429,1902
350442,1902
350369,1903
350403,1903
350417,1903
350419,1903
350428,1903
350430,1903
350440,1903
350377,1904
350383,1905
350441,1905
350445,1905
350379,1906
350960,1906
350366,1907
350393,1907
350413,1907
350421,1907
350423,1908
360339,1908
350405,1909
350438,1910
350385,1911
350388,1911
350396,1911
350398,1911
350407,1911
350410,1911
350412,1911
350414,1911
350432,1911
350443,1911
350446,1911
350448,1911
350378,1912
350400,1912
350408,1912
352190,1913
352197,1913
352206,1913
352208,1913
350426,1914
350450,1915
350453,1915
350456,1915
350457,1915
350458,1915
350461,1915
350451,1916
350452,1916
350454,1916
350455,1916
350460,1916
350462,1916
350463,1917
350464,1917
350465,1917
350466,1917
350468,1917
350469,1917
350467,1918
350470,1918
350472,1919
350476,1919
350478,1919
350471,1920
350473,1920
350474,1920
350475,1920
350477,1920
350479,1921
350480,1922
350481,1922
350482,1922
350483,1922
350486,1922
350491,1922
350492,1922
350493,1922
350487,1923
350489,1923
350484,1924
350485,1924
350488,1924
350490,1924
350494,1924
350495,1924
350503,1925
350499,1926
350501,1926
350502,1926
350504,1926
350505,1926
350508,1926
350496,1927
350497,1927
350498,1927
350500,1927
350506,1927
350507,1927
350513,1928
350520,1928
350524,1928
350510,1929
350516,1929
350521,1929
350523,1929
352473,1929
352483,1929
350522,1930
350512,1931
350514,1931
350517,1931
350518,1931
350519,1931
350526,1932
350511,1933
350527,1934
350528,1934
350529,1934
350530,1934
350532,1935
350537,1935
350535,1936
350539,1936
350540,1936
350538,1937
350531,1938
350534,1938
350533,1939
350536,1939
350543,1940
350548,1940
350549,1940
350552,1940
350541,1941
350544,1941
350546,1941
350542,1942
350547,1942
350553,1942
350545,1943
350550,1943
350551,1943
350559,1945
350562,1945
350555,1946
350557,1946
350554,1947
350558,1947
350560,1947
350561,1947
350564,1947
350556,1948
350563,1948
350603,1950
350582,1951
350583,1951
350602,1951
354268,1951
350578,1952
350581,1952
350575,1953
350593,1953
350597,1953
350568,1954
350601,1954
350604,1954
350573,1955
350580,1955
350594,1955
350599,1955
350605,1955
350606,1955
350572,1956
350585,1956
350588,1956
350574,1957
350576,1957
350592,1957
350579,1958
350596,1958
350598,1958
350608,1958
350567,1959
350569,1960
350584,1960
350586,1960
350589,1960
350595,1960
350590,1961
350591,1961
350570,1962
350607,1962
354261,1962
350577,1963
350587,1963
350609,1964
350615,1964
350616,1964
350617,1964
350610,1965
350613,1965
350618,1965
350619,1965
350614,1966
350611,1967
350612,1967
350623,1968
350624,1968
350631,1968
350632,1968
350621,1969
350625,1969
350626,1969
350628,1969
350629,1969
350630,1969
350627,1970
350844,1970
350845,1970
350846,1970
350633,1971
350634,1971
350635,1971
350636,1971
350637,1971
350638,1972
350642,1972
350643,1972
350647,1972
350649,1972
350639,1973
350640,1973
350641,1973
350644,1973
350646,1973
350650,1973
350648,1974
350645,1975
350653,1976
350651,1977
350657,1977
350658,1977
350652,1978
350654,1978
350659,1979
350655,1980
350656,1980
350660,1980
350661,1981
350662,1981
350663,1981
350664,1982
350666,1983
350670,1983
350675,1983
353102,1983
350667,1984
350672,1984
350673,1984
350674,1984
350676,1984
353335,1984
350668,1985
350669,1985
350671,1985
350677,1985
350678,1986
350683,1986
350685,1986
350684,1987
350686,1987
350689,1987
354128,1987
350679,1988
350682,1988
350680,1989
350681,1989
350687,1989
350688,1989
353179,1990
353249,1990
353296,1990
353357,1990
350691,1991
350695,1991
350698,1991
350700,1991
350701,1991
350692,1992
350693,1992
350696,1992
350702,1992
350704,1992
350699,1993
350694,1994
350697,1994
350703,1994
350708,1995
350710,1995
350714,1995
350717,1995
350718,1995
351876,1995
350707,1996
350712,1997
350713,1997
350715,1997
350716,1997
353359,1998
350719,1999
350720,1999
350722,1999
350723,1999
350724,1999
350721,2000
350725,2000
350727,2001
350732,2001
350734,2001
350744,2001
350745,2001
350735,2002
350750,2002
350728,2003
350726,2004
350730,2004
350733,2004
350736,2004
350749,2004
350729,2005
350738,2005
350743,2005
350746,2005
350737,2006
350742,2006
350748,2006
350740,2007
350747,2007
350753,2008
350754,2008
350755,2008
350751,2009
350752,2009
350756,2009
350757,2009
350758,2009
350763,2010
350767,2010
351808,2010
350760,2011
350761,2011
350764,2011
350765,2011
350766,2011
350759,2012
350762,2012
350772,2013
350779,2013
350781,2013
350768,2014
350770,2014
350773,2014
350774,2014
350775,2014
350776,2014
350780,2014
350769,2015
350771,2015
350777,2015
350778,2015
350834,2015
350786,2017
350799,2017
350789,2018
350782,2019
350783,2019
350787,2019
350792,2019
350797,2019
350795,2020
350796,2020
352405,2020
352406,2020
350785,2021
350788,2021
350791,2021
350793,2021
350798,2021
350800,2021
350784,2022
350801,2023
350802,2023
350803,2023
350804,2023
350805,2024
350807,2025
350810,2025
353757,2025
355761,2025
350806,2026
350808,2026
350809,2026
352012,2026
353763,2026
353780,2026
353787,2026
350817,2027
350812,2028
350814,2028
350815,2028
350816,2028
350818,2028
350821,2028
350822,2028
350811,2029
350813,2029
350819,2029
350820,2029
350824,2030
350825,2030
350827,2030
350828,2030
350829,2030
350832,2030
350833,2030
350838,2031
350841,2031
350843,2031
350836,2032
350837,2032
350839,2032
350840,2032
350842,2032
352423,2033
350847,2034
350848,2034
350849,2034
350850,2034
350851,2035
350853,2035
350855,2035
350856,2035
350858,2035
350854,2036
350857,2036
350852,2037
350859,2038
350860,2038
350861,2038
350862,2038
350864,2038
350867,2038
350870,2039
350874,2039
350876,2039
350868,2040
350869,2040
350871,2040
350872,2040
350873,2040
350875,2040
350881,2041
350886,2041
350877,2042
350884,2042
350888,2042
350887,2043
350882,2044
350883,2044
350890,2044
354913,2044
354914,2044
354919,2044
354921,2044
354924,2044
354925,2044
350878,2045
350879,2045
350880,2045
350885,2045
350889,2045
350891,2046
350896,2046
350897,2046
350894,2047
350895,2047
350898,2047
350899,2047
350900,2047
350901,2047
350902,2048
350903,2049
350904,2049
350905,2049
350906,2049
350907,2049
350908,2049
350909,2049
350910,2049
350911,2049
350912,2049
350916,2050
350918,2050
350921,2050
350913,2051
350919,2051
350920,2051
350923,2051
352614,2051
350914,2052
350915,2052
350917,2052
350922,2052
350929,2053
350928,2054
360245,2054
350924,2055
350925,2055
350926,2055
350927,2055
350930,2055
350931,2055
350934,2056
350941,2056
350939,2057
350949,2057
350935,2058
350936,2058
350945,2058
350937,2059
350944,2059
350932,2060
350933,2061
350942,2061
350950,2061
350938,2062
350940,2063
350943,2063
350946,2063
350947,2063
350948,2063
350952,2064
350959,2064
350968,2064
350956,2065
350958,2065
350965,2065
350951,2066
350953,2066
350954,2066
350957,2066
350961,2066
350963,2066
350964,2066
350966,2066
350967,2066
350969,2067
350973,2067
350976,2067
350977,2067
350982,2067
350983,2067
350978,2068
350981,2068
352047,2068
352050,2068
352051,2068
352053,2068
350971,2069
350972,2069
350974,2069
354598,2069
350979,2070
350980,2070
350970,2071
350975,2071
350984,2072
350986,2072
350990,2073
350985,2074
350989,2074
350993,2074
350994,2074
350995,2074
353027,2074
353245,2074
350999,2075
351002,2075
351129,2075
351989,2075
350996,2076
350998,2076
351000,2076
351006,2076
351007,2076
350997,2077
351001,2077
351003,2077
351004,2077
351005,2077
351008,2077
351009,2077
351010,2077
351016,2078
351017,2078
351018,2078
351019,2078
351020,2078
351014,2079
351021,2079
351015,2080
351012,2081
351013,2081
351022,2081
351025,2082
351028,2082
351031,2082
351024,2083
351026,2083
351027,2083
351029,2083
351030,2083
351036,2085
351039,2085
351040,2085
351041,2085
351044,2085
351045,2085
351047,2085
351033,2086
351034,2086
351035,2086
351037,2086
351038,2086
351042,2086
351046,2086
351032,2087
351043,2087
351048,2088
351055,2089
351073,2089
351076,2089
351078,2089
351087,2089
351091,2089
351061,2090
351072,2090
351077,2090
351049,2091
351050,2091
351052,2091
351067,2091
351075,2091
351054,2092
351063,2092
351084,2092
351088,2092
351095,2092
351056,2093
351064,2093
351094,2093
351053,2094
351060,2094
351062,2094
351089,2094
351090,2094
351096,2094
351065,2095
351074,2095
352758,2095
353626,2095
353627,2095
351093,2096
351057,2097
351080,2097
351083,2097
351086,2097
351097,2097
351081,2098
351068,2099
351070,2099
351085,2099
351059,2100
351066,2100
351079,2100
359204,2100
351051,2101
351058,2101
351069,2101
351071,2101
351082,2101
351092,2101
351100,2102
351107,2103
351111,2103
351113,2103
351114,2103
351122,2103
351098,2104
351102,2104
351106,2104
351108,2104
351109,2104
351115,2104
351116,2104
351121,2105
351123,2105
351119,2106
351099,2107
351105,2107
351101,2108
351103,2108
351104,2108
351110,2108
351112,2108
354835,2108
354837,2108
351117,2109
351118,2109
351120,2109
351124,2110
351125,2110
351126,2110
351127,2110
351128,2110
351131,2111
351130,2112
351132,2112
351135,2113
351150,2114
351152,2114
351153,2114
351151,2115
351137,2116
351143,2116
351145,2116
351147,2116
351148,2116
351139,2117
351140,2117
351149,2117
351154,2117
351155,2117
351272,2118
351136,2119
351141,2119
351146,2119
351134,2120
351138,2120
351142,2120
351144,2120
351176,2121
351484,2121
351489,2121
351156,2122
351164,2122
351166,2122
351186,2122
351158,2123
351165,2123
351180,2123
351182,2123
351183,2123
351184,2123
351157,2124
351159,2124
351163,2124
351169,2124
351178,2124
351181,2124
351185,2124
351168,2125
351170,2125
351171,2125
351172,2125
351175,2125
351177,2125
351179,2125
354040,2125
351161,2126
351162,2126
351160,2127
351167,2127
351174,2127
351187,2127
351188,2128
351189,2128
351192,2128
351191,2129
351197,2129
351190,2130
351193,2130
351194,2130
351195,2130
351196,2130
351209,2131
351210,2131
351215,2131
351218,2131
351231,2131
351228,2132
351522,2132
351531,2132
351537,2132
351220,2134
351224,2134
351230,2134
351199,2135
351203,2135
351206,2135
351213,2135
351217,2135
351205,2136
351221,2136
351202,2137
351223,2137
351229,2137
351198,2138
351235,2138
351208,2139
351222,2139
351219,2140
351225,2140
351232,2140
351201,2141
351233,2141
351200,2142
351227,2142
351211,2143
351226,2143
351884,2143
351898,2143
351899,2143
351207,2144
351214,2144
351216,2145
351252,2146
351271,2146
351237,2147
351240,2147
352116,2147
352117,2147
352120,2147
351239,2148
351242,2148
351259,2148
351261,2148
351267,2148
351238,2149
351244,2149
351245,2149
351255,2149
351256,2149
351257,2149
351266,2149
351270,2149
351523,2150
351524,2150
351526,2150
351533,2150
351538,2150
351907,2150
351249,2151
351253,2152
351265,2152
351269,2152
351241,2153
351243,2153
351247,2153
351268,2153
351246,2154
351250,2155
351254,2155
351262,2155
351248,2156
351258,2156
351263,2156
351264,2156
351260,2157
351274,2158
351277,2158
351273,2159
351275,2159
351276,2159
351278,2159
354290,2159
351282,2160
351283,2160
351285,2160
351287,2160
351289,2160
351290,2160
351279,2161
351280,2161
351281,2161
351284,2161
351286,2161
351288,2161
351291,2161
351302,2162
351309,2162
351297,2163
351299,2163
351307,2163
351303,2164
351293,2165
351300,2165
351301,2165
351313,2165
351314,2165
351292,2166
351310,2166
351311,2166
351312,2166
351295,2167
351296,2167
351298,2167
351304,2167
351305,2167
351306,2167
351308,2167
351315,2168
351317,2169
351319,2169
351316,2170
351320,2170
351318,2171
351321,2171
351323,2173
351325,2173
351326,2173
351327,2173
351328,2173
351329,2173
351324,2174
351332,2175
351333,2175
351335,2175
351336,2175
351330,2176
351331,2176
351334,2176
351337,2176
351338,2176
351339,2176
351340,2177
351349,2177
351343,2178
351344,2178
351342,2179
351347,2179
351351,2179
351352,2179
351341,2180
351345,2180
351346,2180
351348,2180
351350,2180
351364,2181
351369,2181
354878,2181
351358,2182
351359,2182
351360,2182
351362,2182
351368,2182
351370,2182
351372,2182
351371,2183
351355,2184
351363,2184
351375,2184
351376,2184
351354,2185
351356,2185
351357,2185
351366,2185
351367,2185
351373,2185
352093,2185
351353,2188
351361,2188
351365,2188
351374,2188
351377,2190
351378,2190
351379,2190
351380,2190
351381,2191
351382,2191
351390,2191
355733,2191
351383,2192
351386,2192
351388,2192
351389,2192
351385,2193
351387,2193
351393,2193
351394,2193
351395,2193
351384,2194
351391,2194
351399,2196
351402,2196
351408,2196
351412,2196
351414,2196
351417,2196
352772,2197
352773,2197
352780,2197
354206,2197
354208,2197
351411,2198
351396,2199
351407,2199
351413,2199
351415,2199
351400,2200
351401,2200
351404,2200
351397,2201
351403,2201
351406,2201
351410,2201
351416,2201
351398,2202
351405,2203
351409,2203
354193,2203
354196,2203
354207,2203
351418,2204
351421,2204
351423,2205
351419,2206
351420,2206
351422,2206
351424,2206
351441,2207
351449,2207
351458,2207
351461,2207
351463,2207
351475,2207
351430,2208
351434,2208
351435,2208
351436,2208
351442,2208
351443,2208
351460,2208
351462,2208
351477,2208
351438,2209
351450,2209
351469,2209
351476,2209
351426,2210
351431,2210
351439,2210
351444,2210
351451,2210
351452,2210
351456,2210
351481,2210
351455,2211
351478,2211
356443,2211
351467,2212
351427,2213
351445,2213
351453,2213
351479,2213
351480,2213
359370,2213
359384,2213
359408,2213
351446,2214
351447,2214
351454,2214
351465,2214
351474,2214
351432,2215
351440,2215
351457,2215
351425,2216
351428,2216
351433,2216
351466,2216
351470,2216
351429,2217
351464,2219
351468,2219
351471,2219
351472,2219
351473,2219
351482,2219
351483,2220
351502,2220
351504,2220
351512,2220
351492,2221
351493,2221
351499,2221
351508,2221
354075,2221
351485,2222
351488,2222
351494,2222
351497,2222
351503,2222
351507,2222
351509,2222
351486,2223
351498,2223
351501,2223
351490,2224
351491,2224
351495,2224
351506,2224
351511,2224
351500,2225
351487,2226
351496,2226
351505,2226
351510,2226
351517,2227
351519,2227
351529,2227
351513,2228
351514,2228
351525,2228
351516,2229
351518,2229
351528,2229
351536,2229
353565,2229
351520,2230
351521,2230
351527,2230
351534,2230
351515,2231
357082,2231
357087,2231
351530,2232
351532,2232
351535,2232
351540,2233
351543,2233
351548,2233
351560,2233
351573,2233
351575,2233
351569,2234
351550,2235
351553,2235
351555,2235
351558,2235
351572,2235
351551,2236
351579,2236
351546,2237
351556,2237
351559,2237
351567,2237
351541,2238
351549,2238
351545,2239
351547,2239
351562,2239
351580,2239
351539,2240
351554,2240
351564,2240
351577,2240
353557,2240
351544,2241
351557,2241
351576,2241
351578,2241
351561,2242
351566,2242
351568,2242
351571,2242
351574,2242
351542,2243
351552,2243
351563,2243
351565,2243
351570,2243
351590,2244
351591,2244
351600,2244
351611,2244
351581,2245
351587,2245
351588,2245
351594,2245
351602,2245
351605,2247
351601,2248
351606,2249
351582,2250
351583,2251
351585,2251
351586,2251
351598,2251
351599,2251
351604,2251
351592,2252
351610,2252
352042,2252
351614,2253
351649,2253
351628,2254
351632,2254
351637,2254
351638,2254
351645,2254
351612,2255
351633,2255
351621,2256
351622,2256
351627,2256
351642,2256
351646,2256
351615,2257
351625,2257
351648,2257
351616,2258
351617,2258
351618,2258
351623,2258
351635,2258
351643,2258
351626,2259
351630,2260
351639,2260
351613,2261
351624,2261
351636,2262
351647,2262
351619,2263
351620,2263
351629,2263
351634,2263
351640,2263
351641,2263
351631,2264
351644,2264
351652,2265
351653,2265
351659,2265
351664,2265
351665,2265
351667,2265
351668,2265
351651,2266
351650,2267
351658,2267
351662,2267
351669,2267
351654,2268
351656,2268
351657,2268
351661,2268
351655,2269
351660,2269
351663,2269
351666,2269
351678,2271
351682,2271
351675,2273
351687,2273
351690,2273
351703,2273
351680,2274
351688,2274
351696,2274
351694,2275
351670,2276
351672,2276
351676,2276
351684,2276
351698,2276
354226,2276
351679,2277
351692,2277
351699,2277
353827,2277
353839,2277
351683,2278
351689,2278
351691,2278
351697,2278
351693,2279
351701,2279
354243,2279
351671,2280
351673,2280
351681,2281
351685,2281
351674,2282
351677,2282
351695,2282
351700,2282
351707,2283
351712,2283
351714,2283
351716,2283
351717,2283
351709,2284
351710,2284
351711,2284
351713,2284
351715,2284
351718,2284
351706,2285
351719,2286
351720,2286
351721,2286
351724,2288
351725,2289
351726,2289
351727,2290
351722,2291
351723,2291
351728,2291
351729,2292
351730,2292
351731,2293
351732,2294
351733,2294
351734,2294
351735,2294
351736,2294
355646,2294
351744,2295
351737,2296
351738,2296
351741,2296
351742,2296
351739,2297
351740,2298
351743,2298
351747,2299
351745,2300
351746,2300
351748,2300
351750,2300
351751,2300
351758,2301
351765,2301
351766,2301
351775,2301
351786,2301
351794,2301
351798,2301
351759,2302
351762,2302
351768,2302
351769,2302
351771,2302
353505,2303
353517,2303
351757,2304
351774,2304
351783,2304
351781,2305
351796,2306
351755,2307
351773,2307
351795,2307
351754,2308
351756,2308
351760,2308
351767,2308
351770,2308
351776,2308
351784,2308
351790,2308
351764,2309
351779,2309
351787,2309
351789,2309
353504,2310
353508,2310
353514,2310
353516,2310
351752,2311
351772,2311
351777,2311
351780,2311
351782,2311
351788,2311
351778,2312
351785,2312
351791,2312
351793,2312
351806,2313
351800,2314
351803,2314
351804,2314
351801,2315
351805,2315
351807,2316
351809,2316
351810,2317
351811,2317
351812,2317
351814,2317
351815,2318
351816,2318
351817,2318
351813,2319
351818,2319
351819,2319
360335,2319
351821,2320
351825,2320
351833,2320
351835,2320
351823,2321
351827,2321
351829,2321
351831,2321
351832,2321
351836,2321
351822,2322
351826,2322
351828,2322
351830,2322
351837,2322
351824,2323
351834,2323
351838,2324
351863,2324
351839,2325
351851,2325
351854,2325
351840,2326
351848,2326
351850,2326
351853,2326
351841,2327
351844,2327
351847,2327
351852,2327
351856,2327
351857,2327
351859,2327
351860,2327
351861,2327
351842,2328
351849,2328
351855,2328
351858,2328
351843,2329
351845,2329
351846,2329
351862,2329
351864,2329
353963,2329
353969,2329
353973,2329
353977,2329
353981,2329
351865,2331
351868,2331
351871,2331
351869,2332
351872,2332
351874,2332
351867,2333
351870,2333
351873,2333
351875,2333
351882,2334
351877,2335
351878,2335
351879,2335
351881,2335
351883,2335
351880,2336
351890,2337
351887,2338
351889,2338
351885,2339
351891,2339
351892,2339
351895,2339
351897,2339
351893,2340
351900,2340
351901,2340
351886,2341
351888,2341
353088,2341
351896,2342
351902,2343
351903,2343
351904,2343
351905,2343
351908,2343
351916,2343
351926,2343
351932,2343
351934,2343
351931,2344
351906,2345
351909,2345
351933,2345
354609,2345
354623,2345
351913,2346
351920,2346
351925,2346
351927,2346
351917,2347
351918,2347
351924,2347
351929,2347
351911,2348
351919,2348
351921,2348
351930,2348
351915,2349
351922,2349
351923,2349
351935,2349
351910,2350
351912,2350
351914,2350
351928,2350
351941,2351
351944,2351
351940,2352
351937,2353
351936,2354
351939,2354
351938,2355
351943,2355
351951,2356
351947,2357
351953,2357
351954,2357
351946,2358
351948,2358
351949,2358
351950,2358
351971,2359
351974,2359
351955,2360
351965,2360
351966,2360
351975,2360
351964,2361
351979,2361
351980,2361
351956,2362
351957,2363
351968,2363
351976,2363
351958,2364
351960,2364
351970,2364
351973,2364
351978,2364
351967,2365
351969,2368
351982,2369
353002,2369
353041,2369
353289,2369
353374,2369
351983,2370
353092,2370
353104,2370
353143,2370
353277,2370
351981,2371
351986,2372
351987,2372
351988,2372
351990,2372
354602,2372
351984,2373
351985,2373
353338,2373
352005,2374
352008,2374
352010,2374
352018,2374
352031,2374
352020,2375
352027,2375
352002,2376
352017,2376
352023,2376
352015,2377
352019,2377
352038,2377
352040,2377
351992,2378
352001,2378
352007,2378
352013,2378
352026,2378
352028,2378
352032,2378
352004,2379
352021,2379
352034,2379
352035,2379
352000,2380
352003,2380
352011,2380
352022,2380
352024,2380
352037,2380
351993,2381
352036,2381
351996,2382
351997,2382
351998,2382
351999,2382
351994,2383
351995,2383
352174,2383
352016,2384
352033,2384
352041,2385
354971,2385
354981,2385
354983,2385
352043,2386
352048,2386
352054,2386
352055,2386
352044,2387
352045,2387
352046,2387
352049,2387
352052,2387
352543,2387
352073,2388
356006,2388
356029,2388
356036,2388
352064,2389
352068,2389
352070,2389
352071,2389
352057,2390
352058,2390
352061,2390
352062,2390
352066,2390
352056,2391
352065,2391
352067,2391
352069,2391
352072,2391
356027,2391
356033,2391
356041,2391
352060,2392
352063,2392
352075,2393
352077,2393
352078,2394
352079,2394
352074,2395
352076,2395
352080,2395
352081,2395
352084,2396
352082,2397
352085,2397
352087,2397
352088,2397
352089,2397
352083,2398
352092,2398
352095,2399
352096,2399
352097,2399
352106,2400
352102,2401
352103,2401
352100,2402
352104,2402
352105,2402
352107,2402
352098,2403
352099,2403
352101,2403
352108,2403
352109,2406
352110,2406
352118,2407
352111,2408
352121,2409
352136,2410
352149,2410
352152,2410
352128,2411
352135,2411
352145,2412
352124,2413
352129,2413
352139,2413
352141,2413
352147,2413
352150,2413
352122,2414
352127,2414
352130,2414
352137,2414
352529,2414
352123,2415
352126,2415
352132,2415
352134,2415
352143,2415
352142,2416
352146,2416
352151,2416
352148,2417
352153,2418
352157,2418
352158,2419
352160,2419
357325,2419
352154,2420
352155,2420
352156,2420
352159,2420
352164,2421
352165,2421
352166,2421
352171,2421
352161,2422
352162,2422
352163,2422
352167,2422
352169,2422
352172,2422
352168,2423
352170,2423
352173,2424
352178,2425
352179,2425
352185,2425
352186,2425
352187,2425
352175,2426
352176,2426
352177,2426
352180,2426
352181,2426
352182,2426
352183,2426
352184,2426
352192,2427
352199,2427
352204,2427
352209,2427
352211,2427
352213,2427
353870,2427
353873,2427
352189,2428
352195,2429
352196,2429
352200,2429
352205,2429
352215,2429
352198,2430
352207,2430
352188,2431
352193,2431
352212,2431
352218,2432
352221,2432
352228,2432
352229,2432
352232,2432
352233,2432
352234,2432
354343,2432
352219,2433
352217,2434
352222,2434
352225,2434
352231,2434
352235,2434
352236,2434
352223,2435
352227,2436
352230,2436
352226,2437
352256,2438
352239,2439
352241,2439
352242,2439
352252,2439
352237,2440
352250,2440
352251,2440
352255,2440
352257,2440
352254,2441
354848,2441
356152,2441
356153,2441
352245,2442
352246,2442
352249,2442
352259,2442
352247,2443
352238,2444
352258,2444
352240,2445
352243,2445
352244,2445
352248,2445
352253,2445
354859,2445
354867,2445
354894,2445
352270,2446
352277,2446
352281,2446
352268,2447
352271,2447
352261,2448
352264,2448
352272,2448
352275,2448
352278,2448
352265,2449
352269,2449
352276,2449
352279,2449
352262,2450
352263,2450
352267,2450
352280,2450
352260,2451
352273,2451
352274,2451
352266,2452
352283,2453
352282,2454
352284,2454
352286,2454
352287,2454
352285,2455
352308,2456
352310,2456
352313,2456
352314,2456
352315,2456
352290,2457
352297,2457
352299,2457
352311,2458
352291,2459
352296,2459
352298,2459
352305,2459
352306,2459
352307,2459
352309,2459
352293,2460
352295,2460
352312,2460
352294,2461
352304,2461
352303,2462
352288,2463
352289,2463
352292,2463
352300,2463
352302,2463
352317,2464
352318,2464
352319,2465
352320,2465
352321,2465
352322,2465
352326,2466
352327,2466
352340,2466
352343,2466
352345,2466
352325,2467
352328,2467
352335,2467
352338,2467
352341,2467
352342,2468
352336,2469
352346,2469
352554,2469
352323,2470
352329,2470
352330,2470
352339,2470
352324,2471
352337,2471
352331,2472
352332,2473
352333,2473
352334,2473
352344,2473
352347,2474
352348,2474
352350,2474
352354,2474
352352,2475
352349,2476
352351,2476
352353,2476
352358,2478
352355,2479
352356,2479
352357,2479
352359,2479
352361,2479
352362,2479
352365,2479
352366,2479
352360,2480
352363,2480
352371,2481
352386,2481
352375,2482
352382,2482
352389,2482
352378,2483
352388,2483
352367,2484
352368,2484
352377,2484
352380,2484
352370,2485
352372,2485
352374,2485
352376,2485
352381,2485
352383,2485
352385,2485
352392,2487
352393,2487
352390,2488
352394,2489
352396,2489
352398,2489
352399,2489
352400,2489
352395,2490
352403,2490
352401,2491
352402,2491
352397,2492
352404,2492
352407,2493
352408,2493
352409,2493
352418,2494
352411,2495
352427,2495
352433,2495
352434,2495
352420,2496
352429,2496
352431,2496
352412,2497
352413,2497
352419,2497
352421,2497
352422,2497
352425,2497
352428,2497
352436,2497
352410,2498
352414,2498
352416,2498
352417,2498
352415,2499
352424,2499
352426,2499
352430,2499
352435,2499
352432,2500
354214,2500
354217,2500
352438,2501
352439,2501
352440,2501
352441,2501
352442,2501
352443,2501
352444,2501
352447,2502
352450,2502
352445,2503
352446,2504
352448,2504
352449,2504
352451,2504
352453,2505
352454,2505
352455,2505
352456,2505
354285,2505
352460,2506
352462,2506
352471,2506
352476,2506
352481,2506
352482,2506
352490,2506
352459,2507
352472,2508
352480,2508
352484,2508
352467,2509
352469,2509
352477,2509
352461,2510
352470,2510
352478,2510
352487,2510
352488,2510
352463,2511
352464,2511
352489,2511
352474,2512
352479,2512
352770,2512
352771,2512
352465,2513
352466,2513
352468,2513
352475,2513
352458,2514
352485,2514
352491,2515
352492,2515
352493,2515
352494,2515
352495,2516
352496,2516
352498,2516
352499,2516
352500,2516
352501,2516
352502,2516
352503,2516
352504,2516
352505,2516
352497,2517
352509,2518
353281,2518
353361,2518
352506,2519
352507,2519
352508,2519
352510,2519
352511,2519
352512,2520
352513,2520
352515,2520
352517,2520
352514,2521
352516,2521
352519,2522
352523,2522
352526,2523
352527,2523
352530,2523
352524,2524
352525,2524
352520,2525
352528,2525
352518,2526
352521,2526
352522,2526
352531,2526
352532,2527
352533,2527
352534,2527
352535,2527
352536,2528
352537,2528
352538,2528
352539,2528
352540,2528
352541,2528
352542,2528
352544,2529
352545,2529
353068,2529
353105,2529
353222,2529
353343,2529
352546,2530
352547,2530
352548,2531
352549,2531
352550,2531
352551,2532
352552,2532
352553,2532
352558,2533
352555,2534
352556,2534
352557,2534
352563,2535
352564,2535
352559,2536
352560,2536
352561,2536
352562,2536
352566,2537
352567,2537
352568,2537
352565,2538
354280,2538
352569,2539
352574,2539
352571,2540
352576,2540
352570,2541
352577,2541
352580,2541
352581,2541
352572,2542
352573,2542
352575,2542
352578,2542
352579,2542
352590,2544
352597,2544
352598,2544
352599,2544
352601,2544
352595,2545
352588,2546
352589,2546
352592,2546
352585,2547
352582,2548
352591,2548
352593,2548
352584,2549
352600,2549
352583,2550
352586,2550
352587,2550
352594,2550
352596,2550
352602,2551
352604,2551
352605,2551
352611,2551
352621,2551
352623,2551
352603,2552
352608,2552
352616,2552
352618,2552
352620,2552
352624,2552
352628,2552
352613,2553
352619,2553
352622,2553
352615,2554
352606,2555
352612,2555
352630,2555
352607,2556
352617,2556
352625,2556
352626,2556
352627,2556
352609,2557
352610,2557
352629,2557
352644,2558
352633,2559
352639,2559
352643,2559
352655,2559
352672,2560
352668,2561
352638,2562
352656,2562
352631,2563
352654,2563
352637,2564
352661,2564
352663,2564
352667,2564
352669,2564
352670,2564
352673,2564
352636,2565
352640,2565
352642,2565
352649,2565
352651,2565
352653,2565
352658,2565
352674,2565
352652,2566
352641,2567
352657,2567
352647,2568
352648,2568
352659,2568
352662,2568
352664,2568
352635,2569
352675,2569
352632,2570
352646,2570
352665,2570
352666,2570
352634,2571
352650,2571
352660,2571
352671,2571
352645,2572
352676,2573
352679,2573
352691,2573
352698,2573
352705,2573
360259,2573
352690,2574
352695,2574
352706,2574
353186,2574
352677,2575
352686,2575
352689,2575
352699,2575
352704,2575
352709,2575
352710,2575
352701,2577
352707,2577
352681,2579
352684,2580
352687,2580
352712,2580
352680,2581
352696,2581
352700,2581
352708,2581
352697,2582
352703,2583
352714,2583
352715,2583
352678,2584
352682,2584
352683,2584
352692,2584
352694,2584
352702,2584
352717,2585
352718,2585
352719,2585
352720,2585
352721,2585
352722,2585
352723,2585
352724,2585
352728,2586
352726,2587
352732,2587
352733,2587
352731,2588
352725,2589
352727,2589
352729,2589
352730,2589
352734,2589
352735,2589
352736,2589
352737,2589
352745,2590
352747,2590
352749,2590
352740,2591
352741,2591
352742,2591
352743,2591
352746,2591
352751,2591
352738,2592
352739,2592
352748,2592
352753,2593
352756,2594
352757,2594
352760,2595
352763,2596
352762,2597
352766,2597
352767,2597
352761,2598
352764,2598
352765,2598
352759,2599
352774,2600
352768,2601
352777,2601
352779,2601
352781,2601
352776,2602
352778,2603
352775,2605
352769,2606
352782,2608
352785,2608
352786,2608
352789,2608
352783,2609
352784,2609
352788,2609
352792,2610
352793,2610
352795,2610
352798,2610
352791,2611
352794,2611
352796,2611
352797,2611
352800,2612
352799,2613
352801,2614
352802,2615
352811,2615
352816,2615
352818,2615
352809,2616
352813,2616
352815,2616
352823,2616
352829,2616
352835,2616
352820,2617
352834,2617
352836,2617
352825,2618
352828,2618
352822,2619
352830,2619
352827,2620
352831,2620
352807,2621
352808,2621
352812,2621
352824,2621
352832,2621
352837,2621
352838,2621
352805,2622
352806,2622
352819,2622
352826,2622
352833,2622
352803,2623
352804,2623
352810,2623
352814,2623
352817,2623
352821,2623
352839,2623
352841,2624
352840,2625
352842,2625
352847,2627
352851,2627
352852,2627
352854,2627
352865,2627
352875,2627
352880,2627
353814,2627
353815,2627
352864,2628
352882,2628
352883,2628
352887,2628
352863,2629
352876,2629
352885,2629
352886,2629
352848,2630
352849,2630
352850,2630
352868,2630
352869,2630
352881,2630
353817,2630
353818,2630
352853,2631
352856,2631
352858,2631
352862,2631
352871,2631
352872,2631
352873,2631
352878,2631
352843,2632
352861,2632
352867,2632
352870,2632
352844,2633
352845,2633
352855,2633
352859,2633
352860,2633
352846,2634
352879,2634
352884,2634
352857,2635
352866,2635
352874,2635
352877,2635
352888,2635
352890,2636
352891,2636
352898,2636
352897,2637
352894,2638
352912,2638
352889,2639
352892,2639
352893,2639
352895,2639
352896,2639
354085,2639
354092,2639
354102,2639
352900,2642
352901,2642
352902,2642
352907,2643
352910,2643
352905,2644
352909,2644
352903,2645
352904,2645
352906,2645
352908,2645
352911,2646
352918,2647
352920,2647
352916,2648
352919,2648
352921,2648
352930,2649
352948,2649
352923,2650
352931,2650
352938,2650
352947,2650
352952,2650
352957,2650
352942,2651
352963,2651
352941,2652
352955,2652
352956,2652
352960,2652
352927,2653
352958,2653
352959,2653
352961,2653
365930,2653
352953,2654
352929,2655
352937,2655
352950,2655
352951,2655
352954,2655
352933,2656
352936,2656
352939,2656
352943,2656
352945,2656
352946,2656
352949,2656
352964,2656
352924,2657
352925,2657
352926,2657
352944,2657
355654,2657
355658,2657
352934,2659
352922,2660
352935,2660
352962,2660
352971,2661
352975,2661
352976,2661
352980,2661
352967,2662
352969,2662
352965,2663
352968,2663
352970,2663
352972,2663
352974,2663
352979,2663
352981,2664
352982,2664
352983,2664
352984,2664
352985,2664
352986,2664
352987,2664
352988,2664
352989,2664
353028,2665
352990,2666
352991,2666
352992,2666
353278,2667
353279,2667
353313,2667
353049,2668
353067,2668
353230,2668
353248,2668
353387,2668
353107,2669
353146,2669
353097,2670
353123,2670
353191,2670
353285,2670
352994,2671
353004,2671
353008,2671
353016,2671
353030,2671
353037,2671
353124,2671
353386,2671
353240,2672
353317,2672
353182,2673
353337,2674
353038,2675
353090,2675
353137,2676
353024,2677
353099,2677
353157,2677
353274,2677
353044,2678
353134,2678
353255,2678
353326,2678
353376,2678
353311,2679
353034,2680
353023,2681
353113,2681
353188,2681
353353,2681
353373,2681
352996,2682
353061,2682
353072,2682
353100,2682
353121,2682
353213,2682
353308,2682
353051,2683
353171,2683
353305,2683
353229,2684
356171,2684
352998,2685
353144,2685
353149,2685
353207,2685
353236,2685
353358,2685
353375,2685
353385,2685
353063,2686
353141,2686
353265,2686
353168,2687
353017,2688
353046,2688
353114,2688
353122,2688
353205,2688
353348,2688
353295,2689
353302,2689
353033,2690
353132,2690
353138,2690
353140,2690
353169,2690
353084,2691
353180,2691
353341,2691
353252,2692
353267,2692
353294,2692
353299,2692
353021,2693
353035,2693
353126,2693
353154,2693
353199,2693
353080,2694
353160,2694
353346,2694
353089,2695
353328,2695
353011,2696
353060,2696
353074,2696
353001,2697
353128,2697
353159,2697
353226,2697
353363,2697
353007,2698
353239,2699
353286,2699
353307,2699
353334,2699
353354,2699
353069,2700
353264,2700
353270,2701
353390,2701
353040,2702
353070,2702
353120,2702
353133,2702
353287,2702
353043,2703
353094,2703
353227,2703
353271,2703
353298,2703
353367,2703
352993,2704
353056,2704
353078,2704
353093,2704
353210,2704
353241,2704
353280,2704
353370,2704
353242,2705
353052,2706
353225,2706
353261,2706
353371,2706
353356,2707
353365,2707
353117,2708
353327,2708
353284,2709
353142,2710
353009,2711
353031,2711
353208,2711
353250,2711
353130,2712
353352,2712
353000,2713
353187,2713
353200,2713
353323,2713
353081,2714
353217,2714
353257,2714
353283,2714
353332,2714
353029,2715
353086,2717
353290,2717
353378,2718
355538,2718
353223,2719
353312,2719
353263,2721
353150,2722
353175,2722
353234,2722
353388,2722
352999,2723
353062,2723
353166,2724
353321,2724
353381,2724
353369,2725
353087,2726
353333,2726
353058,2727
353178,2727
353366,2728
353018,2729
353129,2729
353045,2730
353109,2731
353382,2732
353251,2733
353221,2734
353014,2735
353136,2735
353184,2735
353196,2735
353262,2735
353355,2735
353306,2736
395557,2736
396162,2736
353020,2737
353054,2737
353095,2737
353303,2737
353342,2737
353083,2738
353193,2738
353231,2738
353181,2739
353163,2740
353201,2740
353202,2740
353039,2742
353266,2742
353059,2743
353324,2744
353032,2745
353139,2745
353190,2745
353243,2745
353244,2745
353300,2746
353329,2746
353165,2747
353204,2747
353339,2747
353050,2748
353161,2748
353194,2748
353276,2748
353304,2748
353349,2748
353026,2750
353053,2750
353360,2750
353364,2750
353380,2750
353066,2751
353111,2751
353158,2751
353198,2751
353091,2752
353216,2752
353189,2753
353219,2753
353314,2753
353379,2753
353293,2754
353076,2755
353115,2756
353288,2756
353368,2756
353036,2757
353164,2757
353185,2757
353258,2757
353022,2758
353119,2758
353177,2758
353206,2758
353237,2758
353268,2758
353042,2759
353055,2759
353098,2759
353176,2759
353215,2759
353344,2759
353012,2760
353073,2760
353173,2760
353228,2761
353384,2762
353003,2763
353127,2763
353310,2763
353005,2764
353047,2764
353048,2764
353096,2764
353195,2764
353218,2764
353256,2764
353362,2765
353019,2766
353147,2766
353106,2767
353167,2767
353247,2768
353079,2769
353155,2769
353220,2769
353246,2769
353372,2769
352997,2770
353025,2770
353108,2770
353145,2770
353318,2770
353351,2770
353377,2770
353235,2771
353301,2771
353148,2773
353077,2774
353291,2774
353331,2774
353209,2775
353383,2775
353389,2775
353214,2776
353269,2776
353082,2777
353116,2777
353153,2777
353174,2777
353192,2777
353292,2777
353057,2778
353260,2778
353064,2779
353272,2779
353309,2779
353316,2779
353118,2781
353075,2782
353212,2782
353275,2782
353392,2783
353402,2783
353403,2783
353427,2784
355008,2784
355010,2784
353395,2785
353397,2785
353406,2785
353424,2785
353431,2785
353417,2786
353412,2787
353391,2788
353413,2788
353407,2789
353411,2789
353414,2789
353396,2790
353405,2790
353408,2790
353398,2791
353409,2791
353426,2791
353430,2791
353400,2792
353418,2793
353394,2794
353422,2794
353429,2794
353416,2795
353419,2795
353421,2795
353423,2796
353401,2797
353410,2798
353399,2799
353404,2799
353415,2799
353420,2799
353425,2799
353428,2799
353434,2800
353435,2800
353442,2800
353453,2800
353457,2800
353458,2800
353459,2800
353433,2801
353438,2801
353443,2801
353460,2801
353439,2802
353441,2802
353449,2802
353455,2802
353456,2802
353462,2802
353440,2803
353447,2803
353454,2803
353446,2804
353450,2804
353436,2805
353437,2805
353451,2806
353444,2807
353445,2807
353448,2807
353452,2807
353461,2807
353465,2808
353466,2809
353468,2809
353469,2809
353471,2809
353472,2809
353474,2809
353463,2810
353467,2810
353470,2810
353464,2811
353473,2812
353480,2813
353481,2813
353483,2813
353487,2813
353488,2813
353489,2813
353478,2814
353490,2814
353477,2815
353479,2815
353486,2815
353484,2816
353491,2818
353501,2818
353492,2819
353493,2819
353494,2819
353495,2819
353496,2819
353497,2819
353498,2819
353502,2819
353499,2820
353500,2820
353503,2820
353523,2821
353524,2821
353533,2821
353507,2822
353530,2823
353537,2823
353525,2824
353510,2825
353512,2825
353518,2825
353520,2825
353522,2825
353528,2825
353529,2825
353532,2825
353534,2825
353535,2825
353515,2826
353536,2826
353506,2827
353509,2827
353511,2827
353513,2827
353519,2827
353521,2827
353526,2827
353527,2827
353531,2827
353543,2828
353545,2828
353550,2828
353552,2828
353553,2828
353539,2829
353541,2829
353549,2829
353551,2829
353556,2829
353540,2830
353544,2830
353546,2830
353558,2830
353559,2830
353555,2831
353561,2831
353538,2832
353554,2832
353542,2833
353547,2833
353548,2834
353564,2835
353571,2835
353572,2835
353574,2835
353563,2836
353566,2836
353568,2837
353569,2837
353562,2838
353570,2838
353573,2838
353575,2838
353576,2839
353577,2839
353578,2839
353579,2839
353580,2839
353581,2839
353582,2839
353583,2839
353584,2839
353587,2840
353585,2841
353586,2841
353588,2841
353589,2841
353590,2841
353591,2841
353597,2842
353599,2842
353601,2842
353592,2843
353596,2844
353598,2844
353600,2844
353594,2845
353595,2845
353602,2845
353603,2846
353604,2846
353611,2846
353613,2846
353628,2846
353607,2847
353614,2848
353615,2848
353623,2848
353605,2849
353608,2849
353609,2849
353612,2849
353616,2849
353620,2849
353622,2849
353625,2849
353617,2850
353618,2850
353619,2850
353606,2851
353610,2851
353621,2851
353624,2851
359197,2851
359218,2851
353634,2852
353631,2853
353635,2854
353639,2854
353646,2854
353650,2854
353652,2854
353636,2855
353629,2856
353633,2856
353649,2856
353654,2856
353658,2856
353638,2857
353653,2859
364676,2859
353637,2860
353648,2860
355847,2860
355848,2860
355851,2860
355852,2860
353630,2861
353632,2861
353651,2861
353655,2861
353657,2861
353660,2861
353643,2862
353644,2862
353640,2863
353641,2863
353642,2863
353645,2863
353647,2863
353656,2863
353659,2863
353675,2864
353700,2864
353667,2865
353678,2865
353698,2865
353684,2866
353686,2866
353688,2866
353669,2867
353699,2867
353661,2868
353668,2868
353689,2868
353697,2868
353681,2869
353692,2869
353666,2870
353679,2870
353683,2870
353694,2870
353664,2871
353690,2871
353663,2872
353672,2872
353673,2872
353680,2872
353682,2872
353695,2872
353665,2873
353670,2873
353676,2873
353691,2873
353696,2873
353662,2874
353671,2874
353685,2874
353687,2874
353693,2874
353703,2875
353708,2875
353720,2875
353725,2875
353744,2875
353714,2876
353715,2876
353732,2876
353737,2876
353743,2877
353748,2877
353750,2877
353727,2879
353729,2879
353751,2879
353706,2880
353709,2880
353710,2880
353717,2880
353738,2880
353741,2880
353747,2880
353742,2881
353705,2882
353701,2883
353707,2883
353712,2884
353721,2884
353730,2884
353736,2884
353718,2885
353722,2885
353728,2885
353746,2885
353749,2885
353702,2886
353704,2886
353713,2886
353719,2887
353731,2887
353735,2887
353740,2887
353745,2887
353716,2888
353724,2888
353733,2888
353734,2888
353762,2889
353766,2889
353767,2889
353752,2890
353755,2890
353760,2890
353777,2890
353768,2891
353770,2892
353776,2892
353779,2892
353784,2892
353785,2892
353771,2893
353758,2894
353764,2894
353772,2894
353781,2894
353783,2894
353756,2895
353778,2895
355755,2895
355756,2895
355757,2895
355758,2895
355760,2895
353786,2896
353759,2897
353761,2897
353765,2897
353769,2897
353788,2897
353774,2898
353775,2898
353754,2899
353753,2900
353773,2900
353782,2901
353790,2902
353791,2902
353797,2902
353793,2903
353802,2903
353789,2904
353792,2904
353798,2904
353795,2905
353794,2906
353799,2906
353800,2906
353796,2907
353801,2907
353806,2908
353820,2908
353803,2909
353807,2909
353813,2909
353821,2909
353822,2909
364699,2909
353805,2910
353808,2910
353811,2910
353816,2910
353809,2911
353812,2911
353830,2912
353832,2913
353844,2913
353859,2913
362250,2913
362267,2913
362274,2913
353824,2914
353825,2914
353834,2914
353835,2914
353846,2914
353854,2914
353826,2915
353829,2915
353833,2915
353850,2915
353823,2916
353845,2916
353851,2916
353857,2916
353861,2916
353864,2916
353841,2917
353842,2917
353852,2917
353856,2917
353863,2917
353828,2918
353853,2918
353858,2918
353865,2918
357044,2918
357046,2918
357048,2918
357065,2918
353831,2919
353837,2919
353838,2920
353840,2920
353847,2920
353855,2920
353836,2921
353843,2921
353849,2921
353848,2922
353862,2922
353867,2925
353868,2925
353871,2925
353872,2925
353874,2925
353875,2925
353883,2926
353885,2927
353886,2927
353887,2927
353889,2927
353892,2927
353895,2927
353877,2928
353876,2929
353879,2929
353893,2929
353881,2930
353882,2930
353878,2931
353894,2931
353884,2932
353891,2932
353896,2932
353880,2933
353888,2933
353890,2933
353902,2934
353905,2934
353898,2935
353900,2935
353903,2935
353904,2935
353906,2935
353908,2935
353897,2936
353899,2936
353901,2936
353907,2936
353909,2937
353910,2937
353911,2937
353912,2937
353913,2938
353914,2938
353915,2938
353916,2938
353933,2939
353918,2940
353921,2940
353922,2940
353923,2940
353927,2940
353930,2940
353932,2940
353936,2940
353941,2940
353919,2941
353924,2941
353925,2941
353934,2941
353938,2941
353942,2941
353926,2942
353931,2943
353937,2944
353917,2945
353920,2945
353928,2945
353929,2945
353935,2945
353939,2945
353940,2945
358003,2945
353943,2946
353946,2946
353948,2946
353957,2946
353949,2947
353956,2949
353945,2950
353947,2950
353951,2950
353952,2950
353953,2950
353958,2950
353959,2950
353944,2951
353950,2951
353954,2951
353955,2951
353964,2952
353983,2952
353966,2953
353967,2953
353970,2953
353975,2953
353976,2953
353979,2953
353980,2953
353965,2954
353968,2954
353972,2954
353974,2954
353971,2955
353978,2955
353982,2955
357052,2956
357058,2956
357062,2956
357063,2956
353992,2957
354007,2957
357629,2957
354001,2958
354006,2958
353985,2959
354004,2959
354005,2959
354008,2959
353984,2960
353989,2960
353996,2960
354000,2960
354003,2960
353986,2961
353988,2961
353990,2961
353994,2961
353999,2961
353987,2962
353991,2962
353993,2962
353995,2962
353997,2962
353998,2962
354002,2962
354011,2963
354012,2963
354021,2963
354035,2963
354056,2963
354068,2963
354070,2963
354052,2964
354019,2965
354023,2965
354049,2965
354073,2965
354020,2966
354044,2966
354076,2966
354013,2967
354015,2967
354027,2967
354039,2967
354017,2968
354029,2968
354048,2968
354053,2968
354065,2968
354072,2968
354045,2969
354054,2969
354057,2969
354061,2969
354014,2970
354022,2970
354028,2970
354030,2970
354041,2970
354042,2970
354059,2970
354067,2970
354016,2971
354031,2971
354043,2971
354046,2971
354055,2971
354071,2971
354009,2972
354010,2972
354024,2972
354033,2972
354038,2972
354062,2972
354066,2972
354018,2973
354026,2973
354032,2973
354034,2973
354050,2973
354064,2973
354077,2973
354025,2974
354037,2974
354051,2974
354058,2974
354069,2974
354036,2975
354047,2975
354060,2975
354063,2975
354074,2975
354084,2976
354088,2976
354097,2976
354091,2977
354079,2978
354080,2978
354093,2978
354094,2978
354095,2978
354082,2980
354100,2980
354089,2981
355991,2981
354081,2982
354087,2982
354090,2982
354096,2982
354099,2982
354078,2983
354083,2983
354086,2983
354104,2984
354106,2984
354112,2984
354115,2985
354132,2985
354134,2985
354142,2985
354143,2985
354108,2986
354120,2986
354123,2986
354135,2986
354148,2986
354103,2987
354138,2988
354113,2989
354124,2989
354149,2989
354150,2990
354116,2991
354129,2992
354130,2992
354136,2992
354110,2993
354125,2993
354107,2994
354139,2994
355408,2994
366763,2994
354109,2996
354131,2996
354137,2996
354144,2996
354441,2996
354118,2998
354122,2998
354114,2999
354145,2999
354151,3001
354158,3001
354159,3001
354162,3001
354152,3002
354153,3002
354155,3002
354156,3002
354157,3002
354160,3002
354161,3002
354154,3003
354163,3004
354173,3004
354174,3004
354164,3005
354171,3005
354165,3006
354169,3006
354170,3006
354175,3006
354166,3007
354167,3007
354168,3007
354172,3007
354186,3008
354205,3009
354176,3010
354180,3010
354181,3010
354183,3010
354192,3010
354201,3010
354202,3010
354210,3010
354185,3011
354198,3012
354182,3013
354187,3013
354200,3013
354188,3014
354189,3014
354195,3014
354199,3014
354203,3014
354209,3014
354177,3015
354179,3015
354190,3015
354197,3015
354184,3016
354191,3016
354194,3016
354204,3016
354211,3016
354212,3017
354213,3017
354215,3019
354216,3019
354222,3020
354224,3020
354223,3021
354458,3021
354236,3022
354241,3022
354220,3023
354230,3023
354239,3023
354219,3024
354227,3024
354229,3024
354234,3024
354240,3024
354242,3024
354218,3025
354221,3025
354228,3025
354232,3025
354233,3025
354235,3025
354237,3025
354238,3025
354231,3026
354244,3027
354245,3027
354248,3027
354246,3028
354247,3028
354249,3028
354250,3028
354251,3028
354253,3028
355140,3028
355144,3028
354252,3029
354260,3030
354255,3031
354257,3031
354259,3031
354262,3031
354265,3031
354258,3032
354254,3033
354256,3033
354263,3033
354264,3033
354266,3033
354267,3034
354269,3034
354270,3034
354277,3036
354279,3036
354278,3037
354283,3037
354287,3037
354291,3037
354292,3037
354271,3038
354272,3038
354273,3038
354274,3038
354276,3038
354284,3038
354286,3038
354288,3038
354289,3038
354293,3040
354294,3040
354295,3041
354296,3041
354299,3042
354305,3042
354313,3042
354318,3042
354326,3042
354329,3042
354335,3042
354314,3043
354328,3043
354339,3043
354315,3044
354319,3044
354340,3044
354300,3045
354304,3045
354317,3045
354346,3045
354311,3046
354316,3046
354330,3046
354333,3046
354344,3046
354303,3048
354336,3048
354310,3049
354338,3049
354342,3049
354308,3050
357196,3050
354301,3051
354324,3051
356942,3051
362876,3051
354341,3052
354345,3052
354297,3053
354306,3053
354309,3053
354321,3053
354302,3054
354327,3054
354334,3054
354320,3055
354325,3057
354322,3058
354323,3058
354298,3059
354307,3059
354312,3059
354331,3059
354332,3059
354337,3059
354362,3060
354404,3060
354412,3060
354356,3061
354360,3061
354364,3061
354372,3061
354385,3061
354392,3061
354403,3061
354406,3061
354411,3061
354353,3062
354369,3062
354371,3062
354397,3062
354398,3062
354405,3062
354368,3063
354354,3064
354351,3065
354378,3065
354381,3066
354393,3066
354389,3067
354408,3067
354386,3068
354355,3069
354367,3069
354399,3069
354410,3069
354379,3070
354390,3070
354415,3070
354383,3071
354402,3071
354407,3071
354349,3073
354357,3073
354374,3073
354400,3073
354416,3073
354350,3074
354363,3074
354375,3074
354387,3074
354388,3074
354395,3074
354366,3075
354376,3075
354382,3075
354391,3075
354396,3075
354401,3075
354418,3075
354370,3076
354358,3077
354361,3077
354413,3077
354422,3078
354424,3078
354429,3078
354428,3079
354436,3080
354444,3080
354423,3081
354427,3081
354438,3081
354442,3081
354425,3083
354426,3083
354432,3083
354435,3083
354437,3083
354420,3084
354439,3084
357365,3084
357373,3084
354421,3085
354433,3085
354440,3086
354445,3086
354446,3086
354447,3087
354449,3087
354451,3087
354456,3087
354459,3087
354452,3088
354448,3089
354450,3089
354455,3089
354457,3089
354453,3090
354460,3091
354461,3092
354462,3093
354463,3093
354464,3094
354465,3094
354466,3094
354467,3094
354468,3094
354469,3095
354472,3097
354473,3097
354482,3097
354488,3097
354510,3097
354515,3097
354474,3098
354479,3098
354509,3098
354476,3099
354485,3099
354475,3100
354487,3100
354494,3100
354497,3100
354499,3100
354504,3100
354513,3100
354477,3101
354481,3101
354491,3101
354496,3101
354498,3101
354500,3101
354503,3101
354506,3101
354486,3102
354493,3102
354502,3102
354797,3102
354490,3103
354501,3103
354512,3103
354470,3104
354480,3104
354483,3104
354484,3104
354489,3104
354495,3104
354507,3104
354514,3104
354478,3105
354508,3106
354471,3108
354492,3108
354505,3108
354511,3108
354523,3109
354528,3109
354538,3109
354548,3109
354551,3109
354521,3110
354524,3110
354539,3110
354550,3110
354518,3111
354532,3111
354552,3111
354516,3112
354520,3112
354533,3112
354540,3112
354542,3112
354546,3112
354544,3114
354530,3115
354537,3115
354529,3116
354517,3119
354534,3119
354519,3120
354531,3120
354536,3120
354541,3120
354547,3120
354525,3121
354526,3121
354543,3121
354545,3121
354555,3122
354560,3122
354553,3123
354554,3124
354556,3124
354557,3124
354558,3124
354559,3124
354561,3124
354562,3125
354565,3125
354585,3125
354566,3126
354577,3126
354593,3126
354563,3127
354564,3128
354579,3128
354588,3128
354591,3128
354595,3128
354596,3128
354570,3129
354578,3129
354583,3129
354572,3130
354576,3130
354584,3130
354590,3130
354573,3131
354575,3131
354582,3131
354587,3131
354567,3132
354589,3132
354592,3132
354597,3132
354580,3133
354568,3134
354574,3135
354594,3135
354569,3136
354600,3137
354599,3138
354601,3138
354603,3138
355029,3138
354605,3139
354606,3139
354608,3139
354610,3139
354611,3139
354618,3139
354706,3139
358215,3139
354612,3140
354615,3140
354617,3140
354621,3140
354624,3140
354625,3140
354616,3141
354620,3141
354622,3141
354626,3141
354607,3142
354613,3142
354619,3142
354627,3143
354628,3143
354629,3144
354630,3144
354631,3144
354632,3145
369774,3145
354633,3146
354634,3146
354635,3146
354637,3147
354647,3147
354645,3148
354639,3149
354644,3150
354648,3150
354652,3150
354659,3150
354654,3151
354638,3152
354636,3153
354640,3153
354643,3153
354650,3153
354651,3153
354658,3153
354646,3154
354656,3154
354657,3154
354649,3155
354641,3156
354660,3156
354661,3156
354662,3156
354663,3156
354642,3158
354653,3158
354655,3158
354668,3159
354676,3159
354677,3159
354667,3160
354670,3160
354673,3160
354674,3160
354678,3160
354679,3160
354671,3161
354675,3161
354666,3163
354669,3163
354672,3163
376062,3163
354664,3165
354665,3165
354680,3166
354681,3166
354682,3166
354683,3166
354685,3167
354693,3167
354694,3167
354695,3167
354700,3167
354798,3167
354699,3168
354698,3169
354686,3170
354690,3170
354692,3170
354696,3170
354697,3170
354701,3170
354702,3170
354703,3170
354704,3170
354684,3171
354687,3171
354688,3171
354689,3171
354691,3171
354717,3172
354718,3172
354710,3173
354711,3173
354713,3174
354716,3174
354719,3174
354721,3174
354707,3175
354708,3175
354714,3176
354722,3176
354723,3176
354724,3176
354709,3177
354712,3178
354715,3178
354720,3178
354828,3178
354727,3179
354728,3179
354729,3179
354734,3179
354738,3179
356504,3179
354726,3180
354733,3180
354735,3180
354737,3180
354725,3181
354730,3181
354731,3181
354732,3181
354736,3181
354751,3182
354754,3182
354758,3182
354759,3182
354765,3182
354739,3183
354746,3183
354748,3183
354757,3183
354750,3184
354741,3185
354742,3185
354743,3185
354745,3185
354749,3185
354760,3185
354763,3185
354740,3186
356656,3186
356670,3186
354753,3187
354756,3187
354764,3187
354761,3188
354762,3188
354744,3189
354747,3189
354752,3189
354755,3189
354768,3190
354773,3190
354767,3191
354769,3191
354770,3191
354771,3191
354766,3192
354772,3192
354788,3193
354789,3193
354774,3194
354775,3194
354778,3194
354782,3194
354785,3194
354791,3194
354793,3194
354796,3194
354777,3195
354779,3195
354783,3195
354790,3195
354792,3196
354776,3197
354780,3197
354784,3197
354786,3198
354787,3198
354794,3198
354795,3198
354781,3199
354799,3200
354800,3200
355138,3200
354812,3201
354815,3201
354823,3201
354820,3202
354813,3203
354819,3203
354821,3203
354825,3203
354827,3203
355687,3203
354802,3204
354816,3204
354817,3204
354818,3204
354822,3204
354824,3204
354809,3205
354801,3206
354803,3207
354804,3207
354807,3207
354808,3207
354810,3207
354811,3207
354814,3207
354805,3208
354806,3208
354826,3208
354830,3209
354834,3210
354836,3210
354839,3210
354840,3210
354841,3212
354832,3213
354842,3213
354877,3214
354884,3214
354891,3214
354847,3215
354866,3215
354849,3216
354896,3216
354898,3216
354855,3217
354858,3217
354860,3217
354873,3217
354909,3217
354854,3218
354892,3219
354895,3219
354903,3219
354905,3219
354851,3220
354865,3220
354870,3220
354900,3220
354893,3221
354997,3222
354856,3223
354906,3223
354910,3223
354872,3224
354881,3224
354907,3224
354857,3225
354861,3225
354876,3225
354902,3225
354879,3226
354880,3226
354888,3226
354908,3226
354882,3227
354883,3227
354843,3228
354845,3228
354864,3228
354874,3228
354852,3229
354875,3230
354885,3230
354853,3231
354871,3231
354887,3231
354889,3231
354901,3231
354844,3232
354890,3232
354897,3232
354850,3233
354886,3233
354904,3233
354868,3234
354899,3234
354912,3235
354920,3235
354922,3235
354928,3235
354916,3236
354917,3237
354923,3237
354915,3238
354927,3238
354941,3239
354932,3240
354934,3240
354935,3240
354929,3241
354931,3241
354933,3241
354947,3242
354948,3242
354949,3242
354943,3243
354944,3243
354945,3243
354946,3243
354950,3243
354951,3243
354952,3244
354982,3245
354972,3246
354996,3246
360625,3247
360631,3247
360645,3247
360650,3247
360651,3247
354988,3248
354990,3249
360657,3249
360658,3249
360659,3249
360660,3249
360661,3249
354958,3250
354959,3250
354961,3250
354964,3250
354966,3250
354976,3250
354977,3250
354979,3250
354985,3250
360652,3250
354965,3251
354968,3251
354978,3251
354953,3252
354957,3252
354970,3252
354995,3252
354954,3253
354956,3253
354963,3253
354973,3253
354992,3253
356520,3253
354969,3254
354974,3254
354986,3254
354989,3254
354993,3254
354955,3255
354967,3255
354987,3255
354994,3255
354975,3256
355000,3257
355002,3257
354999,3258
355001,3258
355003,3258
355004,3258
354998,3259
355005,3260
355006,3261
355007,3262
355011,3262
355009,3263
355013,3264
355014,3264
355015,3264
355016,3264
355017,3264
355012,3265
355018,3266
355021,3266
355024,3266
355026,3266
355030,3266
355031,3266
355019,3267
355022,3267
355023,3267
355027,3267
355020,3268
355025,3268
355028,3268
356911,3268
356912,3268
355034,3269
355037,3269
355045,3269
355048,3269
355049,3269
355051,3269
355035,3270
355036,3270
355038,3270
355041,3270
355033,3271
355040,3272
355043,3272
355046,3272
358258,3272
358271,3272
358275,3272
355039,3273
355044,3274
355047,3274
355050,3275
355052,3276
355057,3277
355059,3277
360457,3277
355053,3278
355054,3278
355056,3278
355058,3278
355060,3279
355061,3279
360444,3279
355055,3280
355071,3281
355074,3281
355085,3281
355076,3283
355079,3283
355070,3284
355084,3284
355090,3284
355063,3285
355067,3285
355086,3285
355087,3285
355088,3285
355089,3285
355062,3286
355065,3286
355068,3286
355072,3286
355073,3286
355077,3286
355078,3286
355080,3286
355083,3286
355064,3287
355069,3287
355081,3287
355082,3287
355066,3288
355075,3288
355091,3289
355092,3289
355097,3289
363147,3289
363148,3289
363149,3289
355093,3290
355099,3290
355100,3290
355094,3291
355095,3291
355096,3291
355098,3291
355101,3291
355116,3292
355102,3293
355111,3293
363152,3293
355103,3294
355108,3294
355112,3294
355117,3294
355121,3294
355129,3294
355106,3295
355109,3295
355113,3295
355114,3295
355126,3295
355127,3295
355105,3296
355107,3296
355124,3296
355104,3297
355115,3297
355118,3297
355119,3297
355122,3297
355123,3297
355125,3297
355128,3297
355110,3298
355120,3298
355135,3299
361145,3299
355133,3300
355136,3300
355137,3300
355130,3301
355131,3301
355132,3301
355134,3301
355143,3302
357127,3302
357129,3302
355139,3303
355142,3303
355147,3303
355152,3303
355146,3304
355148,3304
355154,3304
355141,3305
355153,3305
355149,3306
355145,3307
355150,3308
355151,3308
355157,3309
355162,3309
355155,3310
355163,3310
355160,3311
364762,3311
355156,3312
355158,3312
355159,3313
355161,3314
355183,3315
355168,3316
355171,3316
355175,3316
355177,3316
355180,3316
355185,3316
355193,3316
355173,3317
355165,3318
355174,3318
355184,3318
355192,3318
355172,3319
355179,3319
355182,3319
355187,3319
355190,3319
355291,3319
355164,3320
355166,3320
355169,3320
355176,3320
355178,3320
355189,3320
355191,3320
355181,3321
355167,3322
355170,3322
355188,3322
355186,3323
355194,3324
355196,3324
355198,3324
355199,3324
355195,3325
355197,3325
355200,3325
355204,3326
355205,3326
355212,3326
357394,3326
357396,3326
355209,3327
355214,3327
355215,3327
355201,3328
355207,3328
355208,3328
355213,3328
355216,3328
355203,3329
361612,3329
355206,3330
355217,3330
355202,3331
355210,3331
355211,3331
355219,3332
355220,3332
355222,3332
355227,3332
355228,3332
355218,3333
355229,3333
355221,3334
355226,3334
355467,3334
355225,3335
355223,3336
355224,3336
355230,3336
355231,3337
355236,3337
355237,3337
355238,3337
355240,3337
355232,3338
355239,3338
355241,3338
355234,3339
355235,3340
355233,3341
355251,3342
355254,3342
355244,3343
355248,3343
355252,3343
355257,3343
355259,3343
355243,3344
355246,3344
355242,3345
355260,3345
355247,3346
355255,3346
355258,3346
355245,3347
355249,3347
355250,3347
355253,3347
355256,3347
355261,3347
355262,3347
355263,3347
355269,3348
355270,3348
355264,3349
355265,3349
355266,3350
355267,3350
355268,3350
355274,3351
355290,3351
355272,3352
355278,3352
355273,3353
355282,3353
355285,3353
355286,3353
355288,3353
355271,3354
355276,3354
355280,3354
355289,3354
355275,3355
355283,3355
355284,3355
355277,3356
355279,3356
355281,3356
355287,3356
355293,3357
355297,3357
355296,3358
361835,3358
361848,3358
361850,3358
361858,3358
361868,3358
355294,3359
355295,3359
355292,3360
355298,3361
355299,3362
355301,3362
355300,3363
355302,3363
355306,3363
355303,3364
355304,3364
355305,3364
355307,3365
355308,3365
355309,3365
355318,3366
355316,3367
355321,3367
355322,3367
358702,3367
358731,3367
355310,3368
355311,3368
355315,3368
355320,3368
355323,3368
355313,3369
355324,3369
355312,3370
355314,3370
355317,3370
355319,3370
355325,3371
355327,3371
355335,3371
355347,3371
355354,3371
355326,3372
355329,3372
355340,3372
355346,3372
355331,3373
355352,3373
355333,3374
355336,3374
355339,3374
355343,3374
355344,3374
355332,3375
355342,3375
355350,3375
355341,3376
355330,3377
355328,3379
355337,3379
355338,3379
355345,3379
355348,3379
355349,3379
355351,3379
355355,3379
355334,3380
355353,3380
355357,3381
355360,3381
355362,3381
366260,3381
355358,3382
355359,3382
355361,3382
355356,3383
355363,3384
355370,3384
355375,3384
355364,3385
355365,3386
355366,3386
355368,3386
355371,3386
355377,3386
355383,3386
355385,3386
355378,3387
355379,3387
355367,3388
355369,3388
355373,3388
355386,3388
355372,3389
355374,3389
355376,3389
355381,3389
355382,3389
355384,3389
355380,3390
355387,3391
355388,3391
355390,3391
355389,3392
355391,3392
355395,3393
355396,3393
355394,3394
355397,3394
355398,3394
355401,3394
355403,3394
355404,3394
355405,3394
355392,3395
355393,3395
355399,3395
355400,3395
355402,3395
355406,3395
355410,3396
355407,3397
355409,3397
355411,3397
355412,3397
355413,3397
355415,3397
355416,3397
355414,3398
355417,3399
355420,3399
355422,3399
355418,3400
355419,3400
355421,3400
355423,3401
355425,3401
355426,3401
355427,3401
355428,3401
355429,3401
355424,3402
355430,3403
355431,3403
355432,3404
355436,3404
355441,3404
355442,3404
355444,3404
355434,3405
355439,3405
355435,3406
355438,3406
355440,3406
355443,3406
355433,3407
355437,3407
355448,3408
355449,3408
355452,3408
355446,3409
355445,3410
355447,3410
355450,3410
355451,3410
355454,3411
355455,3411
355456,3411
355458,3411
355460,3411
355465,3411
355459,3412
355461,3412
355462,3412
355463,3412
355464,3412
355466,3412
355453,3413
355457,3413
355476,3414
355469,3415
355474,3415
355480,3415
355482,3415
355483,3415
355484,3415
355486,3415
355491,3415
355493,3415
355475,3416
355496,3416
355470,3417
355473,3417
355485,3417
355478,3418
355481,3418
355489,3418
355471,3419
355488,3419
355495,3419
355487,3420
355479,3421
355468,3422
355477,3422
355490,3422
355492,3422
355494,3422
359017,3422
355510,3423
355513,3423
355514,3423
355764,3423
355504,3424
355509,3424
355515,3424
355499,3425
355505,3425
355507,3425
355506,3426
355511,3426
355497,3427
355500,3427
355501,3427
355502,3427
355516,3427
355503,3428
355508,3428
355512,3429
355498,3431
355517,3431
355518,3432
355519,3433
355520,3433
355522,3433
355525,3433
355526,3433
355521,3434
355523,3434
355524,3434
355527,3434
355528,3435
355529,3435
355531,3435
355532,3435
355530,3436
355547,3437
355533,3438
355541,3438
355543,3438
355536,3439
355542,3439
355534,3440
355535,3440
355537,3440
355539,3440
355540,3440
355544,3440
355545,3440
355546,3440
355549,3442
355552,3442
355556,3442
355557,3442
355548,3443
355554,3443
355558,3443
355559,3443
355550,3444
355553,3444
355555,3444
355551,3445
355560,3446
355574,3446
355582,3446
355561,3447
355565,3447
355572,3448
355576,3448
355578,3448
355583,3448
355586,3448
355567,3449
355577,3449
355563,3450
355564,3450
355570,3450
355580,3450
355585,3450
355562,3451
355581,3451
355584,3451
355571,3452
355573,3452
355575,3452
355579,3452
355566,3453
355568,3453
355569,3453
355589,3454
355592,3454
355593,3454
355594,3454
355587,3455
355588,3455
355590,3455
355591,3455
355595,3456
355597,3457
355596,3458
355598,3458
355600,3458
355599,3459
355602,3460
355606,3460
355607,3460
355608,3460
355609,3460
355613,3460
355615,3460
355603,3461
355605,3461
355612,3461
355601,3462
355604,3462
355610,3462
355611,3462
355614,3462
355616,3462
355617,3463
355629,3463
355631,3463
355626,3464
355618,3465
355619,3465
355624,3465
355628,3465
355630,3465
355632,3465
355620,3466
355622,3466
355625,3466
355621,3467
355623,3467
355627,3467
355637,3468
355638,3468
355643,3468
355653,3468
355633,3469
355649,3469
355636,3470
355647,3470
355648,3470
355650,3470
355651,3470
355652,3470
355639,3471
355645,3471
357920,3471
355635,3472
355640,3472
355655,3473
355656,3473
355660,3474
355666,3475
355669,3475
355677,3475
355681,3475
355685,3475
355661,3476
355665,3476
355679,3476
355662,3477
355673,3477
355680,3478
355667,3479
356679,3479
356686,3479
356700,3479
355663,3480
355668,3480
355672,3480
355678,3481
355664,3482
355671,3482
355674,3482
355676,3482
355686,3482
365931,3482
355682,3483
355670,3484
355675,3484
355684,3484
355683,3485
355693,3486
355704,3486
355692,3487
355691,3488
355700,3488
355690,3489
355694,3489
355702,3489
355703,3489
355689,3490
355695,3490
355698,3490
355688,3491
355696,3491
355697,3491
355699,3491
355701,3491
355706,3492
355708,3492
355711,3492
355714,3492
355712,3493
355713,3493
355715,3493
355710,3494
355705,3495
355707,3495
356502,3495
355709,3496
355716,3497
355721,3497
355730,3497
355741,3497
355746,3497
355748,3497
355734,3498
355749,3498
355717,3499
355726,3499
355732,3499
355737,3499
355744,3499
355747,3499
355720,3500
355722,3500
357585,3500
357586,3500
357595,3500
355723,3501
355735,3501
355736,3501
355729,3502
355743,3502
355738,3503
355740,3503
355727,3504
355739,3504
360950,3504
360955,3504
355750,3505
355731,3506
355742,3506
355718,3507
355719,3507
355724,3507
355725,3507
355728,3507
355745,3507
355751,3507
355752,3507
355759,3508
355753,3509
355754,3509
355762,3509
355763,3509
355766,3510
355767,3510
355772,3510
355780,3510
355786,3510
355774,3511
355768,3512
355775,3512
355783,3512
355769,3513
355777,3513
355782,3513
355770,3514
355776,3514
355778,3514
355773,3515
355784,3515
355785,3515
355765,3516
355771,3516
355779,3516
355781,3516
355793,3518
355796,3518
355811,3518
355819,3518
355821,3518
355824,3518
355790,3519
355792,3519
355799,3519
355827,3519
355787,3520
355795,3521
355828,3521
355789,3522
355801,3522
355802,3522
355803,3522
355814,3522
355816,3522
355826,3522
355798,3523
355808,3523
355817,3523
355823,3523
355825,3523
355831,3523
355805,3524
355812,3524
355809,3525
355820,3525
355794,3526
355807,3526
355818,3526
355822,3527
355800,3528
355804,3528
355791,3529
355797,3529
355806,3529
355810,3529
355815,3529
355830,3529
355788,3530
355813,3530
355829,3530
365934,3530
355832,3531
355833,3531
355834,3532
355835,3532
355840,3533
355838,3534
355839,3534
355841,3534
355836,3535
355837,3535
355842,3535
355849,3536
355850,3536
359137,3536
359138,3536
355844,3537
355845,3537
355853,3537
355843,3538
355846,3538
355854,3539
355856,3539
355859,3539
355860,3539
355855,3540
355857,3541
355858,3542
355861,3543
355862,3543
355863,3544
355864,3545
355865,3545
355877,3545
355866,3546
355867,3546
355871,3546
355875,3546
355868,3547
355869,3547
355870,3547
355872,3547
355873,3547
355874,3547
355876,3547
355883,3548
355885,3548
355887,3548
355891,3548
355880,3549
355882,3549
355886,3549
355890,3549
355878,3550
355879,3550
355881,3550
355884,3550
355888,3550
355889,3550
355902,3551
355897,3552
355899,3552
355898,3553
355892,3554
355893,3554
355894,3554
355895,3554
355896,3554
355901,3554
355900,3555
355909,3556
355912,3556
355914,3556
355918,3556
355903,3557
355906,3557
355907,3557
355915,3557
355916,3557
355911,3558
372149,3558
355904,3559
355917,3559
355919,3559
356156,3559
356173,3559
355905,3560
355908,3560
355910,3560
355913,3560
355920,3560
355923,3561
355925,3561
357157,3561
367937,3561
355921,3562
355922,3562
355924,3562
355930,3563
355932,3563
355934,3563
355935,3563
355936,3563
355938,3563
355939,3563
355928,3564
355929,3564
359030,3564
359042,3564
359043,3564
359046,3564
359078,3564
355926,3565
355933,3565
357910,3565
355927,3566
355937,3566
359033,3566
359054,3566
359055,3566
359064,3566
355931,3567
357975,3568
357982,3568
357985,3568
355942,3569
355944,3569
355945,3569
355946,3569
355940,3570
355941,3570
355943,3570
355948,3571
355949,3571
355950,3571
355954,3571
355947,3572
355951,3572
355952,3572
355955,3572
355953,3573
355956,3573
355958,3574
355959,3574
355960,3574
355962,3574
356164,3574
355961,3575
355966,3575
355967,3575
355963,3576
355964,3576
355957,3577
355965,3577
355969,3578
355977,3578
355985,3578
355970,3579
355983,3579
355976,3580
355980,3580
355982,3580
355984,3580
355986,3580
355972,3581
355975,3581
355978,3581
355979,3581
355988,3581
355987,3582
355968,3583
355971,3583
355973,3583
355974,3583
355981,3583
355990,3584
355992,3585
355989,3586
355993,3586
355994,3586
355995,3586
355997,3587
355998,3587
355999,3587
356001,3588
356002,3588
355996,3589
356000,3589
356003,3589
356012,3590
356019,3590
356020,3590
356021,3590
356007,3591
356009,3591
356017,3591
356045,3591
356048,3591
356050,3591
356022,3592
356039,3592
356043,3592
375263,3592
375301,3592
356015,3593
395071,3593
395113,3593
395260,3593
395356,3593
396719,3593
356030,3594
356032,3594
356035,3594
356042,3594
356540,3594
356541,3594
356547,3594
356040,3595
356046,3595
370275,3595
370285,3595
370305,3595
356004,3596
356008,3596
356010,3596
356014,3596
356025,3596
356047,3596
356005,3597
356013,3597
356024,3597
356028,3597
356011,3598
356049,3598
356016,3599
356018,3599
356023,3599
356026,3599
356031,3599
356034,3599
356037,3599
356038,3599
356044,3599
356051,3599
356082,3600
356086,3600
356093,3600
356067,3601
356073,3601
356075,3601
356080,3601
356071,3602
356085,3602
356089,3602
356090,3602
356064,3603
356169,3603
356063,3604
356072,3604
356076,3604
356096,3605
356052,3606
356053,3606
356055,3606
356056,3606
356077,3606
356054,3607
356057,3607
356065,3607
356066,3607
356074,3607
356091,3607
356094,3607
356059,3608
356058,3609
356068,3609
356083,3609
356084,3609
356959,3609
356967,3609
356968,3609
356969,3609
356069,3610
356070,3610
356079,3610
356081,3610
356088,3610
356092,3611
356061,3612
356062,3612
356078,3612
356087,3613
356095,3613
356060,3614
368978,3614
356098,3615
356108,3615
356110,3615
356111,3615
356114,3615
356716,3615
356105,3616
356116,3616
356104,3617
356115,3617
356097,3618
356103,3619
356107,3619
356109,3619
356112,3619
356113,3619
358725,3619
363094,3619
356102,3620
356099,3621
356100,3621
356101,3621
356117,3621
356118,3621
361232,3621
356106,3622
356130,3623
356125,3624
356122,3625
356119,3626
356120,3626
356123,3626
356124,3626
356126,3626
356131,3626
356132,3626
356133,3626
356121,3627
356127,3627
356128,3627
356129,3627
356137,3628
358618,3628
358621,3628
358622,3628
358643,3628
358644,3628
358648,3628
358653,3628
358659,3628
356134,3629
356135,3629
356136,3629
356138,3630
356139,3631
356141,3631
356140,3632
356142,3633
356145,3635
356151,3635
356143,3636
356144,3636
356146,3636
356147,3636
356148,3636
356149,3636
356150,3636
356154,3636
356155,3636
356159,3637
356161,3637
356162,3637
356165,3637
356167,3637
356168,3637
356170,3637
356176,3637
356177,3637
356163,3638
356172,3638
356179,3638
356160,3639
356166,3639
356158,3640
356178,3640
356182,3641
356184,3641
356186,3641
356187,3641
356194,3641
356195,3641
356197,3641
356199,3641
356200,3641
356183,3642
356188,3642
356190,3643
356191,3643
356181,3644
356185,3644
356198,3644
356180,3645
356189,3645
356192,3645
356193,3645
356196,3645
356202,3646
358496,3646
356201,3647
356203,3647
356205,3647
356209,3647
356207,3648
358513,3648
358516,3648
356206,3649
356208,3649
356210,3649
356204,3650
356212,3651
356213,3651
356218,3651
356221,3652
356316,3652
356217,3653
356222,3653
356223,3653
356225,3653
356226,3653
356215,3654
356211,3655
356214,3655
356216,3655
356219,3655
356220,3655
356224,3656
370982,3656
356239,3657
356227,3658
356236,3658
356238,3658
356241,3658
356242,3658
356244,3658
356230,3659
356232,3659
356229,3660
356233,3660
356245,3660
356248,3660
356234,3661
356237,3662
356246,3663
356235,3664
356228,3665
356243,3665
356247,3666
356262,3667
356252,3668
356267,3668
356268,3668
356259,3669
356272,3669
356250,3670
356260,3670
356273,3670
356249,3671
356255,3671
356264,3671
356266,3671
359658,3671
356256,3672
356263,3672
356265,3672
356269,3672
356251,3673
356253,3673
366129,3673
366137,3673
356257,3674
356261,3674
356270,3674
356271,3674
356254,3675
356258,3675
356279,3676
356274,3677
356281,3677
356275,3678
356276,3678
356277,3678
356278,3678
356280,3678
356289,3679
356290,3679
356282,3680
356283,3680
356284,3680
356285,3680
356286,3680
356287,3680
356288,3680
357652,3681
357653,3681
357654,3681
356292,3682
356295,3682
356296,3682
356297,3682
356298,3682
356300,3682
356291,3683
356293,3683
356294,3683
356299,3683
356301,3683
356302,3683
356303,3684
356307,3684
356310,3685
356304,3686
366071,3686
356308,3687
356309,3687
356305,3688
356311,3688
356314,3689
356318,3689
356322,3689
356323,3689
356315,3690
356317,3690
356320,3690
356321,3690
356324,3690
356312,3691
356313,3691
356319,3691
356339,3692
356344,3693
356356,3693
356325,3694
356352,3694
356353,3694
356354,3694
356328,3695
356329,3696
356333,3696
356343,3696
356350,3696
356351,3696
356332,3698
356335,3698
356326,3699
356342,3700
356347,3700
356348,3700
356355,3700
356330,3701
356331,3701
356337,3701
356340,3701
356349,3701
356336,3702
356338,3702
356341,3702
356346,3702
356327,3703
356334,3703
356345,3703
356357,3705
356358,3705
356359,3706
356360,3706
356363,3706
356364,3706
356365,3706
356366,3706
356367,3706
356361,3707
356362,3707
356368,3707
356369,3707
370018,3707
356371,3708
356372,3708
356373,3709
356374,3709
358977,3709
358978,3709
358994,3709
361705,3709
356370,3710
356385,3711
356380,3712
356382,3712
356388,3712
356392,3712
356393,3712
356376,3713
356391,3713
356394,3713
356375,3714
356378,3714
356384,3714
356387,3714
356377,3715
356383,3715
356389,3715
356390,3715
356379,3716
356381,3716
356386,3716
356402,3717
356395,3718
356396,3718
356397,3718
356398,3718
356399,3718
356400,3718
356404,3718
356401,3720
356403,3720
356405,3720
356414,3721
356418,3721
356419,3721
356412,3722
356415,3722
356410,3723
356411,3723
356413,3723
356408,3724
356406,3725
356407,3725
356409,3725
356416,3725
356417,3725
356420,3725
356421,3725
356422,3726
356427,3726
356442,3727
356429,3728
356434,3728
356439,3728
356440,3728
356444,3728
356423,3729
356424,3729
356426,3729
356431,3729
356435,3729
356428,3730
356432,3730
356436,3730
356437,3730
356438,3730
356441,3730
356433,3731
356425,3732
356430,3732
356473,3733
356452,3734
356484,3734
356448,3735
356446,3736
356453,3736
356470,3736
356472,3736
356474,3736
356477,3736
356478,3736
356454,3737
356460,3737
356462,3737
356486,3737
356491,3737
356495,3737
356461,3738
356469,3738
356493,3738
356497,3739
361211,3739
361216,3739
361221,3739
361225,3739
356445,3740
356447,3740
356457,3740
356464,3740
356468,3740
356479,3740
356480,3740
356449,3741
356451,3741
356459,3741
356466,3741
356476,3741
356489,3741
356458,3742
356465,3742
356494,3742
356482,3743
356456,3745
356471,3745
356485,3745
356490,3745
356496,3745
356450,3746
356455,3746
356481,3746
356487,3746
356488,3746
356475,3747
356492,3747
356463,3748
356467,3748
356498,3749
356499,3749
356500,3749
356501,3749
356503,3749
356506,3750
356518,3750
356531,3750
358062,3750
356516,3751
356529,3751
356532,3751
356511,3752
356512,3752
356521,3752
356528,3752
356510,3753
356522,3753
356530,3753
360284,3753
360289,3753
356524,3754
356508,3755
356517,3755
356526,3755
356519,3756
356527,3756
360634,3756
356505,3757
356507,3757
356513,3757
356523,3757
356525,3757
360287,3757
356509,3758
356514,3758
356515,3758
356533,3759
356534,3759
356535,3759
356536,3759
356537,3759
356538,3759
356539,3759
360643,3759
359346,3760
359358,3760
359374,3760
359376,3760
359379,3760
359383,3760
359420,3760
356543,3761
356544,3761
356546,3761
356548,3761
356542,3762
356545,3762
356553,3763
356556,3763
356558,3763
356562,3763
356564,3763
356550,3764
356551,3764
356557,3764
356561,3764
356555,3765
356549,3766
356552,3767
356559,3767
356560,3767
356563,3767
356565,3767
356554,3768
356573,3769
356572,3770
356574,3770
356575,3770
356576,3770
356569,3771
356570,3771
356571,3771
356566,3772
356567,3772
356568,3772
356577,3772
356579,3774
356580,3774
356582,3775
356584,3775
356578,3776
356581,3776
356583,3776
356587,3777
356597,3777
356606,3777
356610,3778
356590,3779
356594,3779
356595,3779
356601,3779
356614,3779
356619,3779
356598,3780
356599,3780
356605,3780
356607,3780
356611,3780
356618,3781
356604,3782
356586,3783
356596,3783
356602,3783
368980,3783
368981,3783
356608,3784
356588,3785
356592,3785
356617,3785
356620,3785
356585,3786
356591,3786
356600,3786
356622,3786
356593,3787
356609,3787
356616,3787
356623,3787
356589,3788
356603,3788
356612,3788
356613,3788
356615,3788
356621,3788
356624,3789
356629,3789
356631,3789
356632,3789
356625,3790
356627,3790
356628,3790
356630,3790
356626,3791
356633,3792
356634,3792
356635,3792
356636,3792
356637,3792
356638,3793
360157,3793
356639,3794
356640,3794
360146,3794
360158,3794
360161,3794
362031,3794
356642,3795
356644,3795
356647,3796
356651,3796
356652,3796
356654,3796
356645,3797
356646,3797
356648,3797
356649,3797
356650,3797
356653,3797
356655,3797
356672,3798
356675,3798
356677,3798
356657,3799
356658,3799
356659,3799
356662,3799
356663,3799
356665,3799
356673,3799
356678,3799
356661,3800
356664,3800
356676,3800
356660,3801
356674,3801
356666,3802
356667,3802
356668,3802
356669,3802
356671,3802
356681,3803
356692,3803
356693,3803
356685,3804
356688,3804
356689,3804
367600,3804
356683,3805
356691,3805
356698,3805
356680,3806
356682,3806
356695,3806
356696,3806
356699,3806
356687,3807
356690,3807
356697,3807
356701,3807
356684,3808
356694,3808
356702,3809
356703,3809
356710,3809
356711,3809
356705,3810
356706,3811
356707,3811
356708,3811
356709,3811
356704,3812
356712,3812
356713,3812
359545,3812
356719,3813
356720,3813
356722,3813
356714,3814
356715,3814
356717,3814
356718,3814
356721,3814
356723,3814
356724,3814
361865,3814
356725,3815
356727,3815
356729,3815
356731,3815
356736,3815
356742,3815
356728,3816
356738,3816
356745,3816
356746,3816
356734,3817
356739,3817
356744,3817
356732,3818
356743,3818
356733,3819
356735,3820
356740,3820
356741,3821
356726,3822
356730,3822
356737,3822
356747,3822
356749,3823
356750,3823
356752,3823
356753,3823
356751,3824
356754,3824
356748,3825
356756,3826
356757,3826
356755,3827
356758,3829
356760,3829
356761,3829
356762,3829
356764,3829
356765,3830
356759,3831
356763,3831
356766,3832
356768,3832
356770,3832
356773,3832
369111,3832
356767,3833
356771,3833
369109,3833
356769,3834
356772,3834
356774,3834
365946,3834
365956,3834
365996,3834
356785,3835
356802,3835
356809,3835
356810,3835
356793,3836
356795,3836
356801,3836
356790,3837
360584,3838
360595,3838
360604,3838
356783,3839
356798,3839
356782,3840
356786,3840
356792,3840
356794,3840
356797,3840
356800,3840
356805,3840
356780,3841
356784,3841
356788,3841
356775,3842
356776,3842
356796,3842
356799,3842
356804,3842
356806,3842
356777,3843
356778,3844
356789,3844
356807,3844
356808,3844
356781,3845
356803,3845
356779,3846
356791,3846
356811,3847
356812,3847
356813,3847
356814,3847
356815,3848
356820,3848
356828,3848
356831,3848
356835,3848
356838,3848
356816,3849
356819,3849
356837,3849
356825,3850
356827,3850
356834,3850
356832,3851
356829,3852
356833,3852
356817,3853
356822,3853
356823,3853
356826,3853
356840,3853
356841,3853
356824,3854
356821,3855
356830,3855
356853,3856
356855,3856
356862,3856
356845,3857
356864,3857
356872,3857
356874,3857
356886,3857
356857,3858
356858,3858
356842,3859
356849,3859
356859,3859
356860,3859
356878,3859
356887,3859
356861,3860
356884,3860
367698,3860
356877,3861
356885,3861
369086,3861
369093,3861
356850,3862
356870,3862
356883,3862
356843,3863
356848,3863
356863,3863
356865,3863
356866,3863
356868,3863
356873,3863
356881,3863
356844,3864
356847,3864
356851,3864
356869,3864
356876,3864
367057,3864
367100,3864
356852,3865
356854,3865
356856,3866
356867,3866
357437,3866
357440,3866
357442,3866
357443,3866
357447,3866
357449,3866
357451,3866
357453,3866
357459,3866
356846,3867
356880,3868
356882,3868
356871,3869
356875,3869
356879,3869
356899,3870
356907,3870
356889,3871
356890,3871
356894,3871
356895,3871
356896,3871
356898,3871
356900,3871
356901,3871
356903,3871
356905,3871
356908,3871
356888,3872
356892,3872
356897,3872
356891,3873
356902,3873
356904,3873
356906,3873
356893,3874
356915,3875
356910,3876
356913,3876
356909,3877
356914,3877
356916,3877
356917,3877
356919,3878
356922,3878
356924,3878
356926,3878
356936,3878
356920,3879
356929,3879
356931,3879
356932,3879
356935,3879
356921,3880
356925,3880
356930,3880
356933,3880
356923,3881
356927,3881
356928,3881
356934,3881
356918,3882
367475,3882
367602,3882
356946,3883
356952,3883
366432,3883
366434,3883
369771,3883
369845,3883
369916,3883
356938,3884
356948,3884
356951,3884
356940,3885
356943,3885
356956,3885
356957,3885
356950,3886
356954,3886
356937,3887
356949,3887
356953,3887
356955,3887
356939,3888
356941,3888
356947,3888
356944,3889
356945,3889
356958,3890
356961,3890
356963,3890
356970,3890
356971,3890
356972,3890
356966,3891
356962,3892
356965,3892
356973,3892
356960,3893
358139,3893
361879,3893
356964,3894
356979,3895
356983,3895
356974,3896
356975,3896
356976,3896
356980,3896
356986,3896
356987,3896
356988,3896
356978,3897
356981,3897
356977,3898
356982,3898
356984,3898
356985,3898
356989,3899
356992,3900
356990,3901
356991,3901
356993,3901
356994,3901
356995,3901
356996,3902
356998,3902
357000,3902
357001,3902
357002,3902
357003,3902
356999,3903
356997,3904
357006,3905
357007,3905
357009,3905
357015,3905
357004,3906
357005,3906
357008,3906
357013,3906
357014,3906
357012,3907
357010,3908
357011,3908
357029,3909
357018,3910
357020,3910
357021,3910
357024,3910
357025,3910
357027,3910
357028,3910
357031,3910
357032,3910
357016,3911
357017,3911
357019,3911
357022,3911
357023,3911
357026,3911
357030,3911
357034,3912
357037,3912
357040,3912
357042,3912
357035,3913
357036,3913
357041,3913
357033,3914
357038,3915
357039,3915
357051,3916
357059,3916
357060,3916
357061,3916
357047,3917
357049,3917
357055,3917
357056,3917
357045,3918
357050,3918
357064,3918
357043,3919
357053,3919
359935,3919
359944,3919
359945,3919
357054,3920
357057,3921
358121,3922
357066,3923
357067,3923
357068,3923
357075,3924
357070,3925
357076,3925
357069,3926
357072,3926
357071,3927
357073,3927
357074,3927
357077,3927
357078,3927
357080,3928
357081,3928
357084,3928
357085,3928
357086,3928
357096,3928
357092,3929
357093,3929
357091,3930
357094,3930
357095,3930
357079,3931
357083,3931
357088,3931
357089,3931
357090,3931
357098,3932
357101,3932
357103,3932
357105,3932
357108,3932
357097,3933
357099,3933
357100,3933
357106,3933
357111,3933
357102,3934
357104,3934
357107,3934
357109,3934
357110,3934
357114,3935
357115,3935
357121,3935
357126,3935
357117,3936
357119,3936
357120,3936
357125,3936
357112,3937
357116,3937
357124,3937
357118,3938
357122,3938
357123,3938
357113,3939
357612,3939
364931,3939
357128,3940
365367,3940
365393,3940
357130,3941
357136,3942
357137,3942
357131,3943
357134,3943
357135,3943
357132,3944
357133,3944
357143,3945
357155,3945
357144,3946
357156,3946
357138,3947
357145,3947
357148,3947
357149,3947
357151,3947
357139,3948
357141,3948
357150,3948
357154,3948
357142,3949
357147,3949
357140,3950
357146,3950
357152,3950
357153,3950
357159,3952
357166,3952
357174,3952
357160,3953
357165,3953
357168,3953
357170,3953
357171,3953
357172,3953
357161,3954
357163,3954
357167,3954
357173,3954
357178,3954
357179,3954
357162,3955
357176,3955
357177,3955
367167,3955
357164,3956
357169,3956
357175,3956
357158,3957
357180,3958
357181,3958
357182,3958
357183,3958
357184,3958
357191,3960
357198,3960
357204,3960
357208,3960
363159,3960
357188,3961
357192,3961
357202,3961
357195,3962
357219,3962
357186,3963
357201,3964
357193,3965
357205,3965
357206,3965
357218,3965
357187,3966
360295,3966
357216,3967
357194,3968
357199,3968
357200,3968
357207,3968
357210,3968
357212,3968
357217,3968
357189,3969
357185,3970
357190,3970
357197,3970
357213,3970
357203,3971
357209,3971
357211,3971
357214,3971
357215,3971
357220,3972
357221,3972
357224,3972
357225,3972
357232,3972
357233,3972
357234,3972
361457,3972
357223,3973
357227,3973
357228,3973
357235,3973
357236,3973
357222,3974
357229,3974
357226,3975
357380,3975
357387,3975
357230,3976
357231,3976
357237,3976
357238,3976
357239,3977
357240,3978
357241,3979
363105,3979
363106,3979
363110,3979
357242,3980
357243,3980
357244,3980
357245,3980
357246,3980
357248,3981
357247,3982
357249,3982
357250,3982
357251,3982
357252,3983
357255,3984
357256,3984
357253,3985
357254,3985
357257,3985
357258,3985
357259,3985
357260,3985
357261,3985
357269,3986
357272,3986
357267,3987
357265,3988
357274,3988
357278,3988
357279,3988
357263,3989
357262,3990
357268,3990
357273,3990
357275,3990
357276,3990
357277,3990
357264,3991
357266,3991
357270,3991
357271,3991
357309,3992
357318,3992
357303,3993
357315,3993
357321,3993
357307,3994
357323,3994
357284,3995
357285,3995
357316,3995
357330,3995
357769,3995
357771,3995
357298,3996
357311,3996
357320,3996
357328,3996
357335,3996
357282,3997
357294,3997
357299,3997
357326,3997
357296,3998
357297,3998
357310,3998
357319,3998
357308,3999
357329,3999
357280,4000
357283,4000
357287,4000
357304,4000
357334,4000
357292,4001
357293,4002
357295,4002
357301,4002
357302,4002
357314,4002
357324,4002
357286,4003
357300,4003
357288,4004
357313,4004
357317,4004
357327,4004
357331,4004
357337,4004
357289,4005
357306,4005
357322,4005
357333,4005
357338,4006
357339,4006
357340,4006
357342,4006
357343,4006
357344,4006
358216,4006
357341,4007
357346,4008
357352,4008
357353,4008
357357,4008
357359,4008
357349,4009
357363,4009
357364,4010
357351,4011
357356,4011
357350,4012
357355,4012
357360,4012
357347,4013
357348,4013
357354,4013
357358,4013
357361,4013
357362,4013
357345,4014
360341,4014
357369,4015
363172,4015
363173,4015
357366,4016
357367,4016
361686,4016
357371,4017
357368,4018
357370,4018
357372,4018
357376,4019
357374,4020
357377,4020
357378,4020
357381,4020
357382,4020
357383,4021
357385,4021
357375,4022
357379,4022
357384,4022
357386,4022
357388,4022
357390,4022
357389,4023
357391,4024
357392,4024
357393,4024
357395,4024
357399,4025
357400,4025
357402,4025
357404,4025
357405,4025
357406,4026
357407,4026
357409,4026
357412,4026
357413,4026
357397,4027
357398,4027
357411,4027
357414,4027
357403,4028
357408,4028
357610,4028
357401,4029
357410,4029
357416,4030
357417,4030
357418,4030
357415,4031
357429,4032
361097,4032
361103,4032
361151,4032
357421,4033
357422,4033
357424,4033
357430,4034
357432,4034
357433,4034
357434,4034
357419,4035
357426,4035
357423,4036
357428,4036
357435,4036
360461,4036
357427,4037
357431,4037
357420,4038
357425,4038
357436,4038
357460,4039
357438,4040
357441,4040
357456,4040
357445,4041
357450,4041
357454,4042
357439,4043
357444,4043
357448,4043
357455,4043
357457,4043
357458,4044
363620,4044
357446,4045
357452,4045
360452,4045
361094,4045
357461,4046
357463,4046
357474,4046
357477,4046
357478,4046
357470,4047
357475,4047
357480,4047
357482,4047
357467,4048
357469,4048
357479,4048
357485,4049
357462,4050
357464,4050
357471,4050
357472,4050
357473,4050
357476,4050
357465,4051
357466,4051
357468,4051
357481,4051
357483,4051
357484,4051
357486,4052
357487,4052
357489,4052
357488,4053
357507,4054
357495,4055
357505,4055
357511,4055
357512,4055
357493,4056
357498,4056
357510,4056
357513,4056
357491,4057
357494,4057
357496,4057
357499,4057
357503,4057
357508,4057
357509,4057
357516,4057
357517,4057
357490,4058
357497,4059
357504,4059
369169,4059
357492,4060
357500,4060
357501,4060
357502,4060
357506,4060
357514,4060
357515,4060
357519,4061
357521,4061
357522,4061
357525,4061
357535,4061
357611,4061
357518,4062
357523,4062
357527,4062
357530,4062
357531,4062
357532,4063
357533,4063
357520,4064
357524,4064
357526,4064
357528,4064
357534,4064
357529,4065
360410,4066
360456,4066
357536,4067
357539,4067
357537,4068
357538,4068
360473,4069
360485,4069
360514,4069
357548,4070
357546,4071
357550,4071
357551,4071
357555,4071
357556,4071
357541,4072
357543,4072
357545,4072
357552,4072
357553,4072
357554,4072
357540,4073
357542,4073
357544,4073
357547,4073
357549,4073
357561,4074
357570,4075
357557,4076
357565,4076
357566,4076
357568,4076
357560,4077
357564,4077
357567,4077
357569,4077
357558,4078
357559,4078
357562,4078
357563,4078
357571,4078
357572,4078
357589,4079
357604,4079
357573,4080
357574,4080
357577,4080
357579,4080
357584,4080
357591,4080
357607,4080
357608,4080
357581,4081
357590,4081
357580,4082
357602,4082
357575,4083
357576,4083
357583,4083
357592,4083
357593,4083
357600,4083
357601,4083
357603,4083
357582,4084
357594,4084
357578,4085
357587,4085
357588,4085
357596,4085
357597,4085
357598,4085
357599,4085
357605,4085
357606,4085
357609,4085
357613,4086
357615,4086
357616,4086
357617,4086
357618,4086
357620,4086
357614,4087
357619,4087
357621,4088
357622,4088
357623,4088
357624,4088
357625,4088
357626,4088
357628,4088
357627,4089
357637,4090
357634,4091
357636,4091
357638,4091
357630,4092
357631,4092
357632,4092
357633,4092
357635,4092
357649,4093
357645,4094
366059,4094
366063,4094
366064,4094
366065,4094
357648,4095
357650,4095
357647,4096
357643,4097
357646,4097
357639,4098
357641,4098
357651,4098
357640,4099
357642,4099
357644,4099
358039,4099
357655,4100
357659,4100
357660,4100
357661,4100
357662,4100
357656,4101
357657,4101
357658,4101
357663,4101
357664,4102
357665,4102
357667,4102
357668,4102
357670,4102
357672,4102
357671,4103
358431,4103
358440,4103
357666,4104
357669,4104
357673,4105
357674,4106
362446,4106
357675,4107
357676,4107
357685,4108
357690,4108
357693,4108
357684,4109
357694,4109
358041,4109
357677,4110
357679,4110
357689,4110
357680,4111
357686,4111
357692,4111
357696,4111
357681,4112
357682,4112
357687,4112
357691,4112
357678,4113
357688,4113
357698,4113
357700,4113
357683,4114
357697,4114
357699,4114
357695,4115
357705,4116
357712,4116
357701,4117
357706,4117
357709,4117
357710,4117
357713,4117
357702,4118
357703,4118
357704,4118
357707,4118
357708,4118
357711,4118
357714,4119
357730,4119
361571,4119
361573,4119
364763,4119
357725,4120
357727,4120
357720,4121
357724,4121
357726,4121
357729,4121
357718,4122
357732,4122
358574,4122
358600,4122
357728,4123
358544,4123
358568,4123
357717,4124
357723,4124
357715,4125
357716,4125
357719,4125
357721,4125
357722,4125
357731,4125
357733,4125
357734,4125
357743,4126
357751,4126
357755,4126
357756,4126
364764,4126
364765,4126
357738,4127
357745,4128
357752,4128
357760,4128
357739,4129
357747,4129
357750,4130
357754,4130
357737,4131
357740,4131
357741,4131
357742,4131
357744,4131
357749,4131
357757,4131
357758,4131
357735,4132
357736,4132
357746,4132
357748,4132
357753,4132
357759,4132
357761,4132
357762,4133
357770,4133
357773,4133
357780,4134
357782,4134
357783,4134
357784,4134
357765,4135
357786,4135
357790,4135
357763,4136
357766,4136
357774,4136
357785,4136
357788,4136
357794,4136
357767,4137
357772,4137
357778,4137
357779,4137
357764,4138
357775,4138
357776,4138
357795,4138
357787,4139
357791,4139
357777,4140
357781,4140
357789,4140
357792,4140
357793,4140
357768,4141
357797,4142
357806,4142
357800,4143
357803,4143
357805,4143
360898,4144
357799,4145
357809,4145
357808,4146
357796,4147
357798,4147
357801,4147
357802,4147
357804,4147
357807,4147
357822,4148
357841,4148
357851,4148
357810,4149
357812,4149
357817,4149
357821,4149
357830,4149
357815,4150
357820,4150
357824,4150
357849,4150
357853,4150
357816,4152
357832,4152
357835,4152
357833,4153
357846,4153
357850,4153
357855,4153
357858,4153
357813,4154
357823,4154
357826,4154
357838,4154
357825,4155
357847,4155
357854,4155
357840,4156
357857,4156
357839,4157
357811,4158
357818,4158
357819,4158
357827,4158
357831,4158
357834,4158
357837,4158
357842,4158
357843,4158
357844,4159
357860,4159
357829,4160
357836,4160
357859,4160
357861,4160
357828,4161
357845,4161
357848,4161
357852,4161
357856,4161
357814,4162
357863,4163
357862,4164
357866,4164
357867,4164
357868,4164
357869,4164
357864,4165
357865,4165
357877,4166
357886,4166
357876,4167
357878,4167
357880,4167
357889,4167
357894,4167
357871,4168
357881,4168
357872,4169
357891,4169
357875,4170
357885,4170
357870,4171
357879,4171
357882,4171
357892,4171
357893,4171
357873,4172
357874,4172
357883,4172
357884,4172
357887,4172
357888,4172
357890,4172
357895,4172
357899,4173
357908,4173
357921,4173
357928,4173
357905,4174
357916,4174
357896,4175
357897,4175
357913,4175
357918,4175
357930,4175
361240,4175
357915,4176
357923,4176
357927,4176
357900,4177
357906,4178
357925,4178
357932,4179
357903,4180
357912,4180
357919,4180
357926,4180
357911,4181
357898,4182
357907,4182
357914,4182
357917,4182
357922,4182
357924,4182
357931,4182
357901,4183
357902,4183
357904,4183
357909,4183
357929,4183
357935,4184
357943,4184
357947,4184
357950,4184
357951,4184
357954,4184
357955,4184
357957,4184
357938,4185
357942,4185
357945,4185
357933,4187
357936,4187
357948,4187
357953,4187
357934,4188
357940,4188
357937,4189
357939,4189
357941,4189
358217,4189
361150,4189
357956,4190
358038,4190
357944,4191
357946,4191
357949,4191
357952,4191
357958,4191
357962,4192
357967,4192
357968,4192
357964,4193
357965,4193
357969,4193
357970,4193
357971,4193
370033,4193
357963,4194
364382,4194
364392,4194
364744,4194
365404,4194
357961,4195
357966,4195
357972,4195
357959,4196
357960,4196
357973,4197
357978,4197
357983,4197
357974,4198
357979,4198
357980,4198
357981,4198
357986,4198
357976,4199
357977,4199
357984,4199
357988,4200
357987,4201
357989,4201
357991,4201
357992,4201
362352,4201
357990,4202
357999,4203
358001,4203
357993,4204
357994,4205
357995,4205
357996,4205
357997,4205
357998,4205
358000,4205
358004,4206
358008,4206
358009,4206
358010,4206
358011,4206
358012,4206
362915,4206
358002,4207
358005,4207
358006,4207
358007,4207
358013,4207
358016,4208
358027,4208
358030,4208
365933,4208
365936,4208
358017,4209
358018,4209
358025,4209
358028,4209
358029,4209
358032,4209
358036,4209
358015,4210
358023,4210
358026,4210
358035,4210
358037,4210
364358,4210
364360,4210
358014,4211
358021,4211
358022,4211
358034,4211
358020,4212
358024,4212
358031,4212
358033,4212
358019,4213
358042,4215
358043,4215
358049,4217
358059,4217
358045,4218
358047,4218
358055,4218
358056,4218
358051,4219
358052,4219
358053,4219
358057,4219
358044,4220
358046,4220
358050,4220
358048,4221
359031,4221
359051,4221
358054,4222
358058,4222
358063,4223
358071,4223
358064,4224
360274,4225
360292,4225
358067,4226
358068,4226
358074,4227
358060,4228
358061,4228
358065,4228
358066,4228
358069,4228
358070,4228
358072,4228
358073,4228
358076,4229
358079,4229
358080,4229
358082,4229
358092,4229
358083,4230
358086,4230
358088,4230
358090,4230
358091,4230
358093,4230
358098,4231
358100,4231
358097,4232
358099,4232
358101,4232
358102,4232
358108,4232
358112,4232
358113,4232
358114,4232
358103,4233
358105,4233
358110,4233
358096,4234
358104,4234
358111,4234
358095,4235
358106,4235
358107,4235
358109,4235
358115,4235
358117,4237
358120,4237
358116,4238
358119,4238
358118,4239
358122,4242
358123,4242
358129,4243
358124,4244
358125,4244
358126,4244
358128,4244
358660,4244
358130,4245
358663,4245
358675,4245
358679,4245
358127,4246
358131,4246
358132,4247
358135,4247
358136,4247
358138,4247
358133,4248
358134,4248
358137,4248
358143,4249
358144,4249
358145,4249
361874,4249
361878,4249
361884,4249
358140,4250
358141,4250
358142,4250
360125,4250
360142,4250
361362,4251
361363,4251
361369,4251
361370,4251
358146,4252
358147,4252
358148,4252
358149,4252
358152,4252
358154,4252
358150,4253
358151,4253
358153,4253
358155,4253
358156,4253
358158,4254
358159,4254
358157,4255
358160,4255
358164,4256
358165,4256
358167,4256
358169,4256
358161,4257
358162,4257
358163,4257
358166,4257
358168,4257
358178,4258
358170,4259
358172,4259
358173,4259
358177,4259
358179,4259
358171,4260
358174,4260
358175,4260
358176,4260
358180,4261
358181,4261
358182,4261
358183,4262
358185,4263
358186,4263
358187,4263
358184,4264
358191,4265
358196,4265
358197,4265
358200,4265
358208,4265
358212,4265
358202,4266
358203,4266
358205,4266
358210,4266
358189,4267
358190,4267
358192,4267
358193,4267
358198,4267
358204,4267
358213,4268
358195,4269
358199,4269
358201,4269
358206,4269
358214,4269
358188,4270
358194,4270
358207,4270
358209,4270
358211,4270
358218,4271
358220,4272
358221,4272
358224,4272
358230,4272
358238,4272
358242,4272
358219,4273
358222,4274
358231,4274
358225,4275
358228,4275
358237,4275
358243,4275
358227,4276
358226,4277
358234,4277
358239,4277
358233,4278
358235,4278
358229,4279
358232,4279
358240,4279
358241,4279
358223,4280
358236,4280
358245,4281
358255,4281
358259,4281
358272,4281
358254,4282
358276,4282
358249,4283
358252,4283
358253,4283
358264,4283
358265,4283
358266,4283
358268,4283
358273,4283
358246,4284
358248,4284
358257,4284
358263,4284
358270,4284
367768,4284
358244,4285
358250,4285
358251,4285
358256,4285
358269,4285
358274,4285
358247,4286
358262,4286
358267,4286
358261,4287
358260,4288
358277,4289
358282,4289
358285,4289
358287,4289
358291,4289
358297,4290
358309,4290
358311,4290
358314,4290
358315,4290
358280,4291
358284,4291
358294,4291
358289,4292
358279,4293
358292,4293
358296,4293
358306,4293
358312,4293
358290,4294
358298,4294
358302,4294
358307,4294
358299,4295
358300,4295
358310,4295
358304,4296
358278,4297
358281,4297
358283,4297
358286,4297
358288,4297
358293,4297
358295,4297
358301,4297
358303,4297
358305,4297
358308,4297
358313,4297
358316,4297
358329,4298
358333,4298
358336,4298
358344,4298
358347,4298
358350,4298
358318,4299
358330,4299
384509,4299
384514,4299
358328,4300
358339,4300
358317,4301
358321,4301
358338,4301
358345,4301
358349,4301
358320,4302
358332,4302
358335,4303
358325,4304
358326,4304
358334,4304
358337,4304
358342,4304
358322,4305
358323,4305
358331,4305
358324,4306
358340,4306
358341,4306
358343,4306
358348,4306
358319,4307
358327,4307
358346,4307
358358,4308
358357,4309
358374,4309
358403,4309
358363,4310
358387,4310
358401,4311
358355,4312
358380,4312
358414,4312
358417,4312
358370,4313
358364,4314
358382,4314
358418,4315
358351,4316
358359,4316
358376,4316
358362,4317
358369,4317
358386,4317
358409,4317
358365,4318
358371,4318
358420,4318
358421,4318
358353,4320
358379,4320
358392,4320
358416,4320
366054,4320
358361,4321
358367,4321
358372,4321
358377,4321
358389,4321
358393,4321
358352,4322
358388,4322
358408,4322
358422,4323
358360,4324
358373,4324
358411,4324
358412,4324
358381,4325
358399,4327
358402,4327
358404,4327
358419,4327
358378,4328
358390,4329
358354,4330
358356,4330
358375,4330
358405,4330
372827,4330
372830,4330
358384,4331
358396,4331
358385,4332
358415,4333
358366,4334
358368,4334
358394,4334
358400,4334
358391,4335
358397,4335
358413,4335
358406,4336
358407,4336
358383,4337
358395,4337
358398,4337
358410,4337
358426,4338
358430,4338
358435,4338
358439,4338
358441,4338
358444,4338
358425,4339
358433,4339
358434,4339
358445,4339
358442,4340
358424,4341
358428,4341
358438,4341
358443,4341
358446,4341
358427,4342
358429,4342
358423,4343
358432,4343
358437,4343
358436,4344
361990,4344
362012,4344
358456,4345
358461,4345
358465,4345
358453,4346
358457,4346
358460,4346
358470,4346
358471,4346
358474,4346
358462,4347
358469,4347
358473,4347
358450,4348
358458,4348
358459,4348
358464,4348
362000,4348
358447,4349
358468,4350
358454,4351
358463,4351
358466,4351
358467,4351
358472,4351
358448,4352
358449,4352
358451,4352
358452,4353
358455,4353
358480,4354
358475,4355
358478,4355
358483,4355
363080,4355
358477,4356
358479,4356
358484,4356
358476,4357
358481,4357
358482,4357
358485,4357
358486,4357
358539,4358
358514,4359
358528,4359
358522,4360
358529,4360
358536,4360
358498,4361
358500,4361
358512,4361
358520,4361
358492,4362
358494,4362
358497,4362
358507,4362
358509,4362
358527,4362
358533,4362
358487,4363
358495,4363
358505,4363
358519,4363
358526,4363
358489,4364
358491,4364
358493,4364
358504,4364
358508,4364
358531,4364
358534,4364
358501,4365
358502,4365
358532,4365
358506,4366
358511,4366
358517,4366
358518,4366
358521,4366
358523,4366
358530,4366
358538,4366
358490,4367
358503,4367
358515,4368
358499,4369
358510,4369
358535,4369
358585,4370
358561,4371
358563,4371
358567,4371
358580,4371
358542,4372
358543,4372
358565,4372
358587,4372
358589,4372
358541,4373
358545,4373
358571,4373
358582,4373
358596,4373
358546,4374
358549,4374
358564,4374
358577,4374
358584,4374
358592,4374
358602,4374
358540,4375
358550,4375
358554,4375
358569,4375
358573,4375
358576,4375
358583,4375
358586,4375
358590,4375
358593,4375
358601,4375
358548,4376
358551,4376
358556,4376
358559,4376
358603,4376
358575,4377
358591,4377
358597,4377
358599,4377
364759,4377
358553,4378
358588,4378
358594,4378
358560,4379
358598,4379
359340,4379
358578,4380
358595,4380
358604,4380
358581,4381
358552,4382
358558,4382
358566,4382
358570,4383
358579,4383
362018,4383
362040,4383
358547,4384
358555,4384
358557,4384
358562,4385
358572,4385
358639,4386
358641,4386
358646,4386
358612,4387
358614,4387
358627,4387
358629,4387
358652,4387
361552,4387
361556,4387
358616,4388
358609,4389
358617,4389
358624,4389
358633,4389
358647,4389
358608,4390
358619,4390
358620,4390
358637,4390
358650,4390
358628,4391
358635,4391
358611,4392
358613,4392
358649,4392
358605,4393
358607,4393
358615,4393
358626,4393
358632,4393
358634,4393
358636,4393
358638,4393
358640,4393
358657,4393
358658,4393
358630,4394
358655,4395
358623,4396
358656,4396
358606,4397
358642,4397
362967,4397
358610,4398
358625,4398
358645,4398
358654,4398
358631,4399
358651,4399
358666,4400
358667,4400
358671,4400
358674,4400
358678,4400
358664,4401
358669,4401
358676,4401
358661,4402
358672,4402
358673,4402
358662,4403
358665,4403
358668,4403
358670,4403
358677,4403
358684,4404
358685,4405
358687,4405
358681,4407
358688,4407
358699,4407
358692,4408
358683,4409
358694,4409
358698,4409
358680,4410
358682,4410
358690,4410
358691,4410
358695,4410
358696,4410
358697,4410
358686,4411
358689,4411
358693,4411
358707,4412
361364,4412
361368,4412
361371,4412
358724,4413
358718,4414
358723,4414
361366,4414
358737,4415
358708,4416
358715,4416
358716,4416
358717,4416
358730,4416
358733,4416
358735,4416
358736,4416
358713,4417
361836,4417
358701,4418
358712,4418
358732,4418
358704,4419
358729,4419
363097,4419
358703,4420
358706,4420
358726,4420
358738,4420
358739,4420
358700,4421
358719,4421
358727,4421
358709,4422
358722,4422
358710,4423
358720,4423
358721,4423
358728,4423
358711,4424
358705,4425
358714,4425
358734,4425
358740,4426
358746,4427
358747,4427
358764,4427
358771,4427
358776,4427
358784,4427
358788,4427
358743,4428
358749,4428
358765,4428
358766,4428
358768,4428
358777,4428
358780,4428
358783,4428
358760,4429
358761,4429
358769,4429
358742,4430
358745,4430
358774,4430
358756,4431
358772,4431
358779,4431
358781,4431
358750,4432
358753,4432
358754,4432
358763,4432
358770,4432
358773,4432
358778,4432
358782,4432
358785,4432
358787,4432
358741,4433
358744,4433
358775,4433
358789,4433
358748,4434
358751,4434
358759,4434
358767,4434
358786,4434
358752,4435
358755,4435
358757,4435
358758,4435
358762,4435
358802,4436
358827,4436
358830,4436
358811,4437
358831,4437
358806,4438
358813,4438
358803,4439
358824,4439
364320,4439
358792,4440
358799,4440
358823,4440
358801,4441
358804,4441
358825,4441
358826,4441
358835,4441
358796,4442
358816,4442
358821,4442
358828,4442
358832,4442
358798,4443
358819,4443
358820,4443
358795,4444
358800,4444
358805,4444
358817,4444
358818,4444
358810,4445
358814,4445
358791,4446
358793,4446
358809,4446
358822,4446
358829,4446
358794,4447
358812,4447
358834,4447
358815,4448
361380,4448
358790,4449
358797,4449
358808,4449
358833,4449
358807,4450
358975,4450
358849,4451
358856,4451
358876,4451
358870,4452
358872,4452
358881,4452
358848,4453
358886,4453
358840,4454
358861,4454
358862,4454
358865,4454
358873,4454
358838,4455
358869,4455
358889,4455
358859,4456
358883,4456
358846,4457
358864,4457
358874,4457
358842,4458
358854,4458
358858,4458
358841,4459
358851,4460
358863,4460
358866,4460
358871,4460
358884,4460
358885,4460
358857,4461
358837,4462
358875,4462
358879,4462
358882,4462
358850,4463
358852,4463
358877,4463
365353,4463
358845,4464
358847,4464
358867,4464
358839,4465
358887,4465
358860,4466
358868,4466
358878,4466
358880,4466
358843,4467
358844,4467
358853,4467
358836,4468
358855,4468
358888,4468
358892,4469
358894,4469
358896,4469
358890,4470
358895,4470
358897,4470
358898,4470
358901,4470
358902,4470
358903,4470
358904,4470
358891,4471
358907,4471
358893,4472
358899,4472
358900,4472
358905,4472
358906,4472
358908,4472
358910,4473
361617,4473
361619,4473
358912,4474
358913,4474
358914,4474
358916,4474
358911,4475
358915,4476
364767,4476
364768,4476
364770,4476
364771,4476
358909,4477
358917,4477
358921,4478
358931,4478
358937,4478
358927,4479
358932,4479
358924,4480
358926,4480
358929,4480
358930,4480
358938,4480
358923,4481
358925,4481
358928,4481
358933,4481
358922,4482
358918,4483
358919,4483
358934,4483
358920,4484
358935,4484
358939,4484
358936,4485
358941,4486
358946,4486
358953,4486
358964,4486
358974,4486
358944,4487
358970,4487
358973,4487
367747,4487
367756,4487
372548,4487
358940,4488
358957,4488
358947,4489
358949,4490
358959,4490
358961,4490
358965,4490
359443,4490
367739,4490
358956,4491
358966,4491
358960,4492
358972,4492
358943,4493
358948,4493
358954,4493
358967,4493
367745,4493
367749,4493
367753,4493
370934,4493
358951,4494
358952,4494
358955,4494
358958,4494
358969,4494
358942,4495
358945,4495
358950,4495
358962,4495
358963,4495
358968,4495
358971,4495
361636,4495
358982,4496
358985,4496
358989,4496
358998,4496
359000,4496
361706,4496
358984,4497
358986,4497
359003,4497
359005,4497
359008,4497
359011,4497
358999,4498
359009,4498
358979,4499
358981,4499
358987,4499
358990,4499
358993,4499
358995,4499
358997,4499
359006,4499
359002,4500
358980,4501
358991,4501
358996,4501
359001,4501
359010,4502
358988,4503
359007,4503
358976,4504
359004,4504
358983,4505
358992,4505
359018,4506
359023,4506
359013,4507
359019,4507
359020,4507
359016,4508
359012,4509
359014,4509
359015,4509
359021,4509
359022,4509
359254,4510
359255,4510
359047,4511
359025,4512
359032,4512
359036,4512
359037,4512
359059,4512
359063,4512
359087,4512
359044,4513
359056,4513
359058,4513
359086,4513
359065,4514
359076,4514
359052,4515
359079,4515
359088,4515
359092,4515
359053,4516
359070,4516
359071,4516
359067,4517
359093,4517
359026,4518
359085,4518
359035,4519
359049,4519
359082,4519
359091,4519
359038,4520
359050,4520
359073,4520
359075,4520
359077,4520
359090,4520
359066,4521
359068,4521
359080,4522
359089,4522
359028,4523
359062,4523
359094,4523
359024,4524
359084,4524
359027,4525
359029,4525
359034,4526
359039,4526
359061,4526
359081,4526
359083,4526
359041,4527
359048,4527
359072,4527
359045,4528
359069,4528
359040,4529
359057,4529
359060,4529
359074,4529
359105,4530
359118,4530
359127,4530
359598,4531
359114,4532
359115,4532
359132,4532
362225,4532
359098,4533
359100,4533
359102,4533
359103,4533
359116,4533
359122,4533
359124,4533
359131,4533
359097,4534
359099,4534
359110,4534
359112,4534
359136,4534
359128,4535
359140,4535
359123,4536
359135,4536
359107,4537
359111,4537
359119,4537
359120,4537
359121,4537
359126,4537
359101,4538
359125,4538
359096,4539
359117,4539
359139,4540
359106,4541
359108,4541
359113,4541
359129,4541
359130,4541
359133,4541
359095,4542
359104,4542
359109,4542
359134,4542
359143,4543
359157,4543
359158,4543
359164,4543
359154,4544
359169,4544
359172,4544
359163,4545
359147,4546
359152,4546
359171,4546
359178,4546
359142,4547
359153,4547
359160,4547
359166,4547
359173,4547
359175,4547
362984,4547
359146,4548
359155,4548
359174,4548
359148,4549
359162,4549
359170,4549
359144,4550
359151,4550
359145,4551
359149,4551
359150,4551
359156,4551
359165,4551
359167,4551
359177,4551
359141,4552
359159,4552
359168,4552
359176,4552
359161,4553
359191,4555
359198,4555
359209,4555
359213,4555
359182,4556
359196,4556
359203,4556
359206,4556
359207,4556
359215,4556
359194,4557
359190,4558
359202,4558
359205,4558
359208,4558
359212,4558
359181,4559
359195,4559
359219,4559
359199,4560
359179,4561
359216,4561
359180,4562
359185,4562
359187,4562
359193,4562
359210,4562
359214,4562
359186,4563
359192,4563
359201,4563
359217,4563
359183,4564
359200,4564
361507,4564
361513,4564
359184,4565
359189,4565
359221,4566
359229,4566
359240,4566
359224,4567
359225,4567
359232,4567
359238,4567
359234,4568
359242,4568
359228,4569
359236,4569
359247,4569
359249,4569
359231,4570
359237,4570
359245,4570
364856,4570
359223,4571
359235,4571
359243,4571
359220,4572
359227,4572
359230,4572
359239,4572
359241,4572
359250,4572
359251,4572
359222,4573
359226,4573
359233,4574
359244,4574
359252,4574
359246,4575
359248,4575
359253,4575
359268,4576
359278,4576
359259,4577
359261,4577
359275,4577
359274,4578
359260,4579
359264,4579
359265,4579
359262,4580
359256,4581
359263,4581
359267,4581
359269,4582
359270,4582
359271,4582
359279,4582
359257,4583
359272,4583
359273,4583
359276,4583
359277,4583
359258,4584
359266,4584
359286,4585
359288,4585
359290,4585
359292,4585
359293,4585
359284,4586
359285,4586
359287,4586
359289,4586
359291,4586
359280,4587
359281,4587
359282,4587
359283,4587
364688,4587
364698,4587
359299,4588
359296,4589
359306,4589
359298,4590
359294,4591
359295,4591
359297,4591
359302,4591
359300,4592
359301,4592
359303,4592
359304,4592
359305,4592
364691,4592
364702,4592
359313,4593
359322,4593
359328,4593
359310,4594
359312,4594
359323,4594
359329,4594
359333,4594
359334,4594
359337,4594
359330,4595
359335,4595
359336,4595
359339,4595
359307,4596
359314,4596
359315,4596
359324,4596
359325,4596
359332,4596
359317,4597
359318,4597
359321,4597
359327,4597
359331,4597
359311,4598
359320,4598
359309,4599
359308,4600
359316,4600
359319,4600
359326,4600
359338,4600
359345,4601
359360,4601
359377,4601
359413,4601
359343,4602
359367,4602
359402,4602
359415,4602
365701,4602
359372,4603
359417,4603
359344,4604
359352,4604
359363,4604
359389,4604
359391,4604
359419,4604
359426,4604
359353,4605
359366,4605
359381,4605
359397,4605
359341,4606
359351,4606
359354,4606
359375,4606
359399,4606
359401,4606
359416,4606
359424,4606
359350,4607
359355,4607
359390,4607
359398,4607
359410,4607
359412,4607
359369,4608
359378,4608
359386,4608
359395,4608
359400,4608
359409,4608
359425,4608
365690,4608
359348,4609
359403,4609
359405,4609
359406,4609
359411,4609
359365,4610
359368,4610
359356,4611
359361,4611
359396,4611
359423,4611
359380,4612
359387,4612
359414,4612
359349,4613
359357,4613
359362,4613
359392,4613
359394,4613
359364,4614
359371,4614
359373,4614
359388,4614
359393,4614
359421,4614
359422,4614
359342,4615
359382,4615
359385,4616
359347,4617
359359,4617
359404,4617
359407,4617
359418,4617
361984,4618
361986,4618
361987,4618
361989,4618
361991,4618
361998,4618
359473,4619
359483,4619
359521,4619
359449,4620
377042,4620
359433,4621
359447,4621
359472,4621
359488,4621
359522,4621
359493,4622
359432,4623
359506,4623
359525,4623
359468,4624
359482,4624
359485,4624
359510,4624
359429,4625
359498,4625
359453,4626
359487,4626
359513,4626
359514,4626
359496,4627
359503,4627
359438,4628
359459,4628
359524,4628
366624,4628
366629,4628
359435,4629
359479,4629
359436,4630
359446,4630
359517,4630
359431,4631
359455,4631
359466,4631
359471,4631
359477,4631
359480,4631
359500,4631
359508,4631
359484,4632
359502,4632
359450,4633
359460,4633
359461,4633
359463,4633
359494,4633
359464,4634
359465,4634
359428,4635
359437,4635
359509,4635
359518,4635
359427,4636
359441,4636
359454,4636
359490,4636
359495,4636
359515,4636
359451,4637
359462,4637
359474,4637
359475,4637
359491,4637
359507,4637
359434,4638
359467,4638
359470,4638
359486,4638
359512,4638
366612,4639
366614,4639
366616,4639
366628,4639
359444,4640
359445,4640
359501,4640
359520,4640
359442,4641
359489,4641
359499,4641
359430,4642
359452,4642
359458,4642
359511,4642
359519,4642
359448,4643
359456,4643
359457,4643
359516,4643
359476,4644
359504,4644
359505,4644
359439,4645
359440,4645
359469,4645
359478,4645
359523,4645
359481,4646
359492,4646
359497,4646
359530,4647
359532,4647
359540,4647
359541,4647
359550,4647
359527,4648
359529,4648
359531,4648
359534,4648
359543,4648
359546,4648
359538,4649
359542,4649
359547,4649
359549,4649
359528,4650
359526,4651
359535,4651
361049,4651
361055,4651
361058,4651
361060,4651
359533,4652
359536,4652
359539,4652
359544,4652
359548,4652
359537,4653
359554,4654
359559,4654
359552,4655
359555,4655
359561,4655
359563,4655
359568,4655
359556,4656
359565,4656
359567,4656
359566,4657
359551,4658
359553,4658
359562,4658
359564,4658
359557,4659
359569,4659
359571,4659
359558,4660
359570,4660
359560,4661
359572,4661
359577,4662
359579,4662
359581,4662
359584,4662
359587,4662
359596,4662
359597,4662
359575,4663
359590,4663
359593,4663
359578,4664
359594,4664
359573,4665
359582,4665
359588,4665
359591,4665
359592,4665
359576,4666
359580,4666
359583,4666
359586,4666
359589,4666
359595,4666
359574,4667
359585,4667
359600,4668
359608,4668
359610,4668
359611,4668
359617,4668
359618,4668
359599,4669
359612,4669
359619,4669
359615,4670
359601,4671
359602,4671
359603,4671
359606,4671
359607,4671
359609,4671
359613,4671
359604,4672
359605,4672
359614,4672
359616,4672
359622,4673
359625,4673
359630,4673
359632,4673
359633,4673
359636,4673
359620,4674
359624,4674
359629,4674
359635,4674
359627,4675
359623,4676
359626,4676
359628,4676
359621,4677
359631,4677
359634,4677
359637,4677
359649,4678
359642,4679
359645,4679
359652,4679
359653,4679
359655,4679
359638,4680
359640,4680
359644,4680
359646,4680
359647,4681
359648,4681
359650,4681
359656,4681
359657,4681
359639,4682
359654,4682
359641,4683
359643,4683
359651,4683
359673,4684
359690,4684
359691,4684
359663,4685
359685,4685
359689,4685
359692,4685
359693,4686
359706,4686
359688,4687
359674,4688
359686,4688
359695,4689
359696,4689
359703,4689
359659,4691
359678,4691
359698,4691
359679,4692
359662,4693
359665,4693
359668,4693
359677,4693
359682,4693
359661,4694
359705,4694
359700,4695
359660,4696
359670,4696
359664,4697
359672,4697
359667,4698
359699,4698
359704,4698
359680,4699
359684,4699
359707,4699
359669,4700
359671,4700
359676,4700
359694,4700
359702,4700
359666,4701
359675,4701
359687,4701
359681,4702
359683,4702
359697,4702
359701,4702
359749,4703
359738,4704
359723,4705
359735,4706
359740,4706
359753,4706
359718,4707
359731,4707
359734,4707
359744,4707
359709,4708
359720,4708
359733,4708
359737,4709
359708,4710
359711,4710
359724,4710
359727,4710
359730,4710
359729,4711
359739,4711
359752,4711
359713,4712
359722,4712
359726,4712
359746,4712
359715,4713
359717,4714
359725,4714
359736,4714
359748,4714
359714,4715
359741,4715
359750,4715
359742,4716
359743,4716
359751,4716
359712,4717
359747,4717
359716,4718
359721,4718
359710,4719
359728,4719
371897,4719
359732,4720
359745,4720
359719,4721
370226,4721
370244,4721
359765,4723
359755,4724
359757,4724
359756,4725
359754,4726
359759,4726
359760,4726
359761,4726
359763,4726
359764,4726
373012,4726
373041,4726
359758,4727
359762,4727
359771,4728
359780,4728
359781,4728
359796,4728
359776,4729
359791,4729
359803,4729
359792,4730
359801,4730
359802,4730
359788,4731
359798,4731
359806,4731
359777,4732
359795,4732
359797,4732
359767,4733
359773,4733
359778,4733
359785,4733
359787,4733
359789,4733
359800,4733
359799,4734
359804,4734
359768,4735
359774,4735
359784,4735
359786,4735
359805,4736
359770,4737
359772,4738
359783,4739
359769,4740
359775,4740
359779,4740
359782,4740
359793,4740
359807,4740
359808,4740
359766,4741
359790,4742
359794,4742
359810,4743
359822,4743
359823,4743
359819,4744
359820,4745
359825,4745
359824,4746
359816,4747
359817,4747
359814,4748
359815,4749
359818,4750
359826,4750
359809,4751
359811,4751
359813,4751
359812,4752
359821,4752
359827,4753
359831,4753
359832,4753
359836,4753
359837,4753
359838,4753
359839,4753
359840,4753
359829,4754
359833,4754
359835,4754
359828,4755
359830,4755
359834,4755
360106,4755
359845,4756
359848,4756
359858,4756
359860,4756
359864,4756
359866,4756
359871,4756
359841,4757
359846,4757
359870,4757
359875,4757
359842,4758
359850,4758
359854,4758
359861,4758
359863,4758
359867,4758
370061,4759
370068,4759
370070,4759
359851,4760
359853,4760
359865,4760
359872,4760
359862,4761
360145,4761
359852,4762
359859,4762
359868,4762
359873,4762
359844,4763
359847,4763
359849,4763
359843,4764
359855,4764
359856,4764
359857,4764
359869,4764
359874,4764
363891,4765
363893,4765
363900,4765
363905,4765
363909,4765
363917,4765
363919,4765
359884,4766
365405,4766
359878,4767
359883,4767
359886,4767
359890,4767
359891,4767
359880,4768
359885,4768
359894,4768
359889,4769
359892,4769
370025,4769
359876,4770
359877,4770
359893,4770
359879,4771
359881,4771
359882,4771
359887,4771
359888,4771
362494,4771
359913,4772
359916,4772
359919,4772
359897,4773
359903,4773
359906,4773
359910,4773
359911,4773
359923,4773
359918,4774
359920,4774
359896,4775
359898,4775
359900,4775
359902,4775
359904,4775
359912,4775
359921,4775
359909,4776
359914,4776
362656,4776
359905,4777
359922,4777
359899,4778
359901,4778
359907,4778
359908,4778
359915,4778
359895,4779
359917,4779
359926,4780
359927,4780
359924,4781
359930,4781
359933,4781
362591,4781
362592,4781
359928,4782
359929,4782
359932,4782
359925,4783
359931,4783
359934,4783
359936,4784
359939,4784
359940,4784
359941,4784
359943,4784
359946,4784
359949,4784
362460,4784
359938,4785
359937,4786
359942,4786
359947,4786
359948,4786
359956,4787
359950,4788
359958,4788
359962,4788
359977,4788
359951,4789
359964,4790
359969,4790
359975,4790
359954,4791
359960,4791
359970,4791
359974,4791
359959,4792
359963,4792
359967,4792
359968,4792
359972,4792
359953,4793
359957,4793
359961,4793
359965,4793
359976,4793
359966,4794
359971,4794
359973,4794
359955,4795
359952,4796
359979,4797
360052,4797
359984,4798
359996,4798
360065,4798
359980,4799
360026,4799
360046,4799
360050,4799
360051,4799
359999,4800
359985,4801
360007,4801
360013,4801
360039,4801
360045,4801
360053,4801
359981,4802
359988,4802
359990,4802
360000,4802
360005,4802
360029,4802
360041,4802
359998,4803
360033,4803
360058,4803
360014,4804
360017,4805
359982,4806
360004,4806
360027,4806
360036,4806
360042,4806
359992,4807
359993,4807
360015,4807
360054,4807
360055,4807
360060,4807
359991,4808
359978,4809
360016,4809
360034,4809
360038,4809
360048,4809
359997,4810
360020,4810
360028,4810
368042,4810
368043,4810
368050,4810
368054,4810
359989,4811
360001,4811
360012,4811
359987,4812
360018,4812
360023,4812
360002,4813
360008,4813
360040,4813
359986,4814
359994,4814
360011,4814
360022,4814
360030,4814
360063,4814
360003,4815
360010,4815
360037,4815
360031,4816
360043,4816
360064,4816
360025,4817
360035,4817
360044,4817
360047,4817
360057,4817
360062,4817
360019,4819
364120,4820
364132,4820
360061,4821
360006,4822
360024,4822
360049,4822
360059,4822
359995,4823
360009,4824
360021,4824
360056,4824
359983,4825
360032,4825
360066,4826
360067,4826
360068,4826
360069,4827
360070,4827
360071,4827
360072,4827
360075,4828
360077,4829
360082,4829
360073,4830
360078,4830
360079,4830
360083,4830
360084,4830
360074,4831
360076,4832
360080,4833
360081,4834
360087,4835
360093,4835
360097,4835
360098,4835
360101,4835
360096,4836
360085,4837
360088,4837
360105,4837
360102,4838
360086,4839
360089,4839
360091,4839
360100,4839
360103,4839
360090,4840
360094,4840
360099,4840
360104,4840
360107,4840
360092,4841
360095,4841
360108,4842
360109,4842
360118,4842
360120,4842
360113,4843
360115,4843
360117,4843
360119,4843
360121,4843
360110,4844
360111,4844
360112,4844
360114,4844
360116,4844
360124,4845
360126,4845
360138,4845
360127,4846
360128,4846
360131,4846
360134,4846
360133,4847
360122,4848
360135,4848
360136,4848
360140,4848
360141,4848
360143,4848
360123,4849
360129,4849
360130,4849
360132,4849
360144,4849
360137,4850
360139,4850
360148,4851
362349,4851
362350,4851
362351,4851
360149,4852
360162,4852
362017,4852
362020,4852
362035,4852
360155,4853
360147,4854
360150,4854
360151,4854
360152,4854
360153,4854
360154,4854
360156,4854
360159,4854
360160,4854
360163,4854
360166,4855
360167,4855
360171,4855
360172,4855
360174,4855
360180,4855
360168,4856
360169,4857
360170,4857
360173,4857
360179,4857
360165,4858
360175,4858
360164,4859
360176,4859
360177,4859
360178,4859
360181,4859
360202,4860
360184,4861
360194,4862
360196,4862
360200,4862
360203,4862
360208,4862
360191,4863
360206,4863
360207,4863
360209,4863
360212,4863
360201,4864
360185,4865
360190,4865
360205,4865
360210,4865
360211,4865
360183,4866
360193,4866
360182,4867
360188,4867
360195,4867
360198,4867
360199,4867
360204,4867
360197,4868
360186,4869
360187,4869
360189,4869
360192,4869
360213,4869
360214,4869
360235,4870
360215,4871
360227,4871
360230,4871
360233,4871
360240,4871
360244,4871
360217,4872
360241,4872
360246,4872
360255,4872
360218,4874
360225,4874
360249,4874
360253,4874
360257,4874
360221,4875
360243,4875
360220,4876
360224,4876
360229,4876
360234,4876
360242,4876
360248,4876
360250,4876
360254,4876
360258,4876
360216,4877
360226,4877
360239,4877
360247,4877
360256,4877
360231,4878
360222,4879
360223,4879
360232,4879
360238,4879
360252,4879
360263,4880
360267,4880
360268,4880
360286,4880
360280,4881
360297,4881
360262,4882
360276,4882
360285,4882
360264,4883
360273,4883
360294,4883
360279,4884
360293,4884
360296,4884
360261,4885
360269,4885
360270,4885
360272,4885
360275,4885
360281,4885
360298,4885
360277,4886
360278,4886
360282,4886
360291,4886
360266,4887
360265,4888
360271,4888
360283,4888
360288,4888
360290,4889
360301,4890
360299,4891
360300,4891
360304,4891
360305,4891
360306,4891
360307,4892
360302,4893
360303,4893
360309,4894
360316,4894
360308,4895
360311,4895
360312,4895
360313,4896
360310,4897
360314,4897
360315,4897
360317,4897
360318,4898
360320,4898
360322,4898
360323,4898
361460,4898
360319,4899
360321,4899
360324,4899
360325,4899
360327,4900
360342,4900
360350,4900
360326,4901
360328,4901
360329,4901
360331,4901
360332,4901
360336,4901
360340,4901
360345,4902
360346,4902
360349,4902
360330,4903
360333,4903
360337,4903
360338,4903
360343,4903
360347,4903
360348,4904
360365,4905
360353,4906
360354,4906
360361,4906
360362,4906
360363,4906
360370,4906
361514,4906
360351,4907
360357,4907
360352,4908
360355,4908
360356,4908
360359,4908
360360,4908
360367,4908
360358,4909
360364,4909
360366,4909
360368,4909
360369,4909
360371,4909
360374,4910
360380,4910
360372,4911
360376,4911
360381,4911
360385,4911
360387,4911
360392,4911
360394,4911
360382,4912
360384,4912
360379,4913
360386,4913
360389,4913
360390,4913
360393,4913
360373,4914
360375,4914
360377,4914
360378,4914
360383,4914
360388,4914
360391,4914
360397,4915
360464,4915
363618,4915
360442,4916
360411,4917
360417,4917
360424,4917
360427,4917
360440,4917
360443,4917
360396,4918
360426,4918
360430,4918
360435,4918
360449,4918
360460,4918
363621,4918
360402,4919
360420,4919
360453,4919
360465,4919
360466,4919
360469,4919
360414,4920
360433,4921
360447,4921
360450,4921
360404,4922
360409,4922
360428,4922
360403,4923
360413,4924
360470,4925
360400,4926
360422,4926
360432,4926
360458,4926
360395,4927
360431,4927
360437,4927
360446,4927
360459,4927
360462,4927
360434,4928
360401,4929
360416,4929
360463,4929
360405,4930
360406,4930
360407,4930
360436,4930
360445,4930
360451,4930
360408,4931
360439,4931
360467,4931
360441,4932
360412,4933
360419,4933
360398,4934
360423,4934
360425,4934
360455,4934
360421,4935
360438,4936
360454,4936
360468,4936
360415,4937
360418,4937
360429,4937
360448,4937
360399,4938
360495,4939
360500,4940
360486,4941
360487,4941
360494,4941
361112,4941
360471,4942
360476,4942
360488,4942
360498,4942
360508,4942
360474,4943
360479,4943
360484,4943
360490,4943
360503,4943
360499,4944
360509,4944
360513,4944
360515,4944
360477,4945
360496,4945
360502,4945
360492,4946
360505,4946
360511,4946
360512,4946
360516,4946
360510,4947
369114,4947
369120,4947
369123,4947
360472,4948
360480,4948
360491,4948
360506,4948
360507,4948
361108,4948
361110,4948
361115,4948
361116,4948
360475,4949
360481,4949
361113,4949
360478,4950
360482,4950
360483,4950
360489,4950
360493,4950
360497,4950
360501,4950
360504,4950
360517,4951
360518,4951
360519,4952
360520,4952
360521,4952
360522,4952
360523,4952
360524,4952
360525,4952
360532,4953
360531,4954
360527,4955
360528,4955
360529,4955
360530,4955
360534,4955
360535,4955
360533,4956
360526,4957
360538,4958
360543,4958
360537,4959
360541,4959
360544,4959
360540,4960
360536,4961
360545,4961
360539,4962
360542,4962
360546,4963
360547,4963
360548,4963
360549,4963
360553,4964
360550,4965
360552,4965
360554,4965
360555,4965
360557,4965
360551,4966
360556,4966
360561,4966
360560,4967
360558,4968
360559,4968
360567,4969
360571,4969
360576,4969
364074,4969
364075,4969
364077,4969
364078,4969
360563,4970
360566,4970
360572,4970
360564,4971
360573,4971
360577,4971
360578,4971
360570,4972
360575,4972
364080,4972
360562,4973
360568,4973
360574,4973
360565,4974
360569,4974
360579,4975
360580,4975
360581,4975
360582,4975
360583,4975
360598,4976
360600,4976
360585,4977
360597,4977
360603,4977
360586,4978
360589,4978
360590,4978
360591,4978
360596,4978
360587,4979
360592,4979
360606,4979
360607,4979
360608,4979
360609,4979
360610,4979
364860,4979
364862,4979
360593,4980
360594,4980
360599,4980
360601,4980
360605,4980
360588,4981
360602,4981
360612,4982
360614,4982
360611,4983
360615,4983
360616,4983
360617,4983
360613,4984
360618,4984
360640,4986
360632,4987
360644,4987
360656,4987
360619,4988
360622,4988
360630,4988
360636,4988
360638,4988
360639,4988
360641,4988
360649,4988
360654,4988
360627,4989
360647,4989
360648,4989
360620,4990
360624,4990
360628,4990
360629,4990
360633,4990
360653,4990
360655,4990
360621,4991
360623,4991
360626,4991
360635,4991
360637,4991
360642,4991
360667,4992
360668,4992
360689,4992
360669,4993
360677,4993
360671,4994
360673,4994
360674,4994
360678,4994
360679,4994
360682,4994
360684,4994
360693,4994
360692,4995
360665,4996
360670,4996
360672,4996
360694,4996
360695,4996
360697,4996
360685,4997
360690,4997
360662,4998
360664,4998
360675,4998
360687,4998
360666,4999
360680,4999
360686,4999
360688,4999
360691,4999
360663,5000
360676,5000
360681,5000
360683,5000
360696,5000
360698,5001
360700,5002
360702,5002
360701,5003
360699,5004
360703,5004
360704,5005
360706,5005
360711,5006
360705,5007
360707,5007
360708,5007
360709,5007
360710,5007
360712,5007
360719,5008
360720,5008
360715,5009
360713,5010
360714,5011
360716,5011
360717,5011
360718,5011
360723,5012
360727,5012
360732,5012
360721,5013
360724,5013
360728,5013
360730,5013
360731,5013
360733,5013
360725,5014
360722,5015
360729,5016
360726,5017
360742,5018
360751,5018
360747,5019
360759,5019
360735,5020
360758,5020
360760,5020
360734,5021
360738,5021
360749,5021
362489,5021
362491,5021
360740,5022
360745,5022
360752,5022
360743,5023
360750,5023
360755,5023
360756,5023
360757,5023
363892,5024
363906,5024
363910,5024
360737,5025
360736,5026
360739,5026
360744,5026
360746,5026
360748,5026
360753,5026
360754,5026
363912,5027
363920,5027
360741,5028
360762,5029
360763,5029
360761,5030
360764,5030
360765,5030
360766,5030
360770,5031
360773,5031
360774,5031
360767,5032
360768,5032
360776,5032
360778,5032
360781,5032
360784,5032
360769,5033
360771,5033
360772,5033
360782,5033
360783,5033
366403,5034
360785,5035
360775,5036
360777,5036
360779,5036
360780,5036
360786,5037
360788,5037
360790,5037
360795,5037
360797,5037
360798,5037
360787,5038
360796,5038
360805,5038
360807,5038
360789,5039
360791,5039
360794,5039
360802,5039
360803,5039
360792,5040
360793,5040
360799,5040
360800,5040
360801,5040
360804,5040
360806,5040
360814,5041
360815,5041
360818,5041
360809,5042
360810,5042
360811,5042
360812,5042
360817,5042
360821,5042
360822,5042
360808,5043
360813,5043
360819,5043
360816,5044
360820,5044
366078,5044
366081,5044
360828,5045
360835,5045
360848,5045
360850,5045
360852,5045
360856,5045
360841,5046
360857,5046
360958,5046
360839,5047
360846,5047
360851,5047
360825,5048
360829,5048
360833,5049
360823,5050
360827,5050
360832,5050
360837,5050
360840,5050
360830,5051
360826,5052
360843,5052
360844,5052
360831,5053
360842,5054
360847,5054
360849,5055
360854,5055
360824,5056
360834,5056
360836,5056
360845,5056
360853,5056
366136,5056
366140,5056
360838,5057
360855,5058
360858,5059
360859,5059
360862,5059
360870,5059
360874,5059
360860,5060
360863,5060
360868,5060
360875,5060
360877,5060
360867,5061
360873,5061
360876,5062
360864,5063
360866,5063
360869,5063
360871,5064
360872,5064
360878,5065
360861,5066
360865,5066
360880,5067
360879,5068
360882,5069
360883,5069
360886,5069
360887,5069
360881,5070
360884,5070
360885,5070
360888,5070
360889,5071
360890,5072
360891,5072
360892,5072
360893,5072
360901,5073
360899,5074
360908,5074
360909,5074
362700,5074
360895,5075
360902,5075
360904,5075
360906,5075
360912,5075
360900,5076
360903,5076
360907,5076
360897,5077
360910,5077
363687,5077
363712,5077
360896,5078
360911,5078
360905,5079
360894,5080
360913,5081
360915,5081
360922,5081
360925,5081
360916,5082
360919,5082
360920,5082
360921,5082
360923,5082
360924,5082
360914,5083
360917,5083
360918,5083
360927,5084
360931,5084
360933,5084
360934,5084
360926,5086
360928,5086
360929,5086
360930,5086
360935,5086
360937,5086
362435,5086
362443,5086
360932,5087
360936,5087
360943,5088
360945,5088
363176,5089
363177,5089
363185,5089
363187,5089
363190,5089
360938,5090
360940,5090
360941,5090
360944,5090
360946,5090
360939,5091
360942,5091
360947,5092
360953,5092
360962,5092
370163,5092
360951,5093
360954,5093
360956,5093
360960,5093
360961,5093
360963,5093
360948,5094
360949,5094
360952,5094
360957,5094
360959,5094
360966,5095
360975,5095
360977,5095
360968,5096
360972,5096
360979,5097
360982,5097
360976,5098
360981,5098
360964,5099
360965,5099
360969,5099
360970,5099
360980,5099
360967,5100
360971,5100
360973,5100
360974,5100
360978,5100
360986,5101
360985,5102
360987,5102
360988,5102
362498,5102
362516,5102
360983,5103
360984,5103
360989,5104
360990,5104
360993,5104
360991,5105
360995,5105
360992,5106
360994,5106
360996,5106
360997,5107
360998,5108
360999,5108
361000,5108
361003,5109
362100,5109
362101,5109
361001,5110
361002,5110
361004,5110
361005,5111
361006,5111
361011,5111
361013,5111
361014,5111
361015,5111
361008,5112
361010,5112
361012,5112
361007,5113
361009,5113
361016,5113
361020,5114
361017,5115
361018,5115
361019,5115
361021,5115
361022,5115
361024,5116
361025,5116
361026,5116
361027,5116
361028,5116
361029,5116
361030,5116
361031,5116
361023,5117
361036,5118
361039,5118
361032,5119
361033,5119
361034,5119
361035,5119
361037,5119
361038,5120
361040,5121
361046,5122
361048,5122
361042,5123
361043,5124
361041,5125
361044,5125
361045,5125
361047,5125
361052,5126
361056,5126
361062,5126
361064,5126
361057,5127
361050,5128
361065,5128
361067,5128
361051,5129
361078,5129
361053,5130
361054,5130
361059,5130
361061,5130
361063,5130
361066,5130
361068,5130
361069,5131
361071,5131
362584,5131
362585,5131
361072,5132
361073,5132
361074,5132
361070,5133
361075,5133
361076,5133
361077,5133
362581,5133
361080,5134
361079,5135
361081,5135
361082,5136
361083,5136
361084,5136
361085,5136
361086,5136
361087,5136
361092,5137
361093,5137
361088,5138
361089,5138
361090,5138
361091,5139
361095,5139
361096,5139
361100,5140
361101,5140
361106,5140
362111,5140
362112,5140
361098,5141
361099,5141
361102,5141
361104,5141
361105,5141
361107,5141
361114,5142
361109,5143
361111,5143
361117,5144
361119,5144
361121,5144
361130,5144
361132,5144
361133,5144
361126,5145
361129,5145
361123,5146
361128,5146
363153,5146
361122,5147
361125,5147
361118,5148
361120,5148
361124,5148
361127,5148
361131,5148
361136,5149
361137,5149
361138,5149
361134,5150
361135,5150
361139,5150
361140,5151
363631,5151
364854,5151
361142,5152
361141,5153
361143,5153
361144,5154
361146,5154
361147,5154
361148,5154
361149,5154
361154,5155
362923,5155
361152,5156
361153,5156
361158,5156
361159,5156
361160,5156
361155,5157
361156,5157
361157,5157
361163,5158
361169,5158
361172,5159
361161,5160
361162,5160
361165,5160
361170,5160
361171,5160
362245,5160
362249,5160
361164,5161
361166,5161
361167,5161
361168,5161
361173,5161
361176,5162
361177,5162
361178,5162
361183,5162
361185,5162
361174,5163
361175,5163
361179,5163
361180,5163
361184,5163
361186,5163
363083,5164
363084,5164
363085,5164
363086,5164
361181,5165
361182,5165
365932,5165
365935,5165
365937,5165
361190,5166
361192,5166
361193,5166
362321,5166
361194,5167
361189,5168
361800,5168
361801,5168
361187,5169
361188,5169
361191,5169
361195,5169
361206,5170
361214,5171
361218,5171
361202,5172
361229,5172
361215,5173
361210,5174
361219,5174
361230,5174
361231,5174
361203,5175
361197,5176
361198,5176
361201,5176
361212,5176
361228,5176
361200,5177
361209,5177
371973,5177
371992,5177
361205,5178
361207,5178
361217,5178
361220,5178
361222,5178
361224,5178
361196,5179
361204,5179
361199,5180
361213,5180
361233,5181
361234,5181
361241,5182
361244,5182
361245,5182
361256,5182
361251,5183
361238,5184
361250,5185
361235,5186
361239,5186
361254,5186
361236,5187
361243,5187
361246,5187
361247,5187
361249,5187
361252,5187
362009,5187
361237,5188
361242,5188
361248,5188
361253,5188
361255,5188
366483,5188
361266,5189
361265,5190
361263,5192
361264,5192
361268,5193
361278,5193
361267,5194
361272,5194
361275,5194
361260,5195
361257,5196
361271,5196
361273,5196
361274,5196
361261,5197
361277,5197
361258,5198
361259,5198
361262,5198
361269,5198
361270,5198
361276,5198
361279,5198
361281,5199
361282,5199
361280,5200
361285,5201
361287,5201
361284,5202
361283,5203
361286,5203
361288,5204
361291,5204
361294,5204
361300,5204
361302,5204
361306,5204
361307,5204
361289,5205
361304,5205
361295,5206
361297,5206
361301,5206
361303,5206
361305,5206
361308,5206
361299,5207
361290,5209
361292,5209
361293,5209
361296,5209
361298,5209
361313,5210
361315,5210
361320,5210
361323,5210
361324,5210
361309,5211
361312,5211
361316,5212
361326,5212
361311,5213
361317,5213
361325,5213
361310,5214
361319,5214
361314,5215
361322,5215
361318,5216
361321,5216
361332,5217
361333,5217
361343,5217
361356,5217
361355,5218
361336,5219
361345,5219
361344,5220
361352,5220
361328,5221
361349,5221
361335,5222
361347,5222
361357,5222
361339,5223
361351,5223
361354,5223
361330,5224
361334,5224
361340,5224
361348,5224
361350,5224
361331,5225
361337,5225
361353,5225
361338,5226
361329,5227
361327,5228
361341,5228
361342,5228
361346,5228
364596,5228
364600,5228
364609,5228
366339,5228
366343,5228
366345,5228
361358,5230
361359,5230
361360,5230
361361,5230
361365,5230
361367,5230
361861,5230
361374,5231
361377,5231
361378,5231
361381,5231
361382,5231
361383,5231
361373,5232
361372,5233
361375,5234
361376,5234
361379,5234
361384,5234
361385,5235
361386,5235
361388,5235
361389,5235
361390,5235
361392,5235
361387,5236
361391,5236
361394,5237
361396,5237
361393,5238
361395,5238
361398,5238
361399,5238
361397,5239
361409,5240
361410,5240
361411,5241
361404,5242
361405,5242
361408,5242
361400,5243
361401,5243
361402,5243
361406,5243
361407,5243
361403,5244
361415,5245
361419,5245
361421,5245
361413,5246
361416,5247
361422,5247
361412,5248
361414,5248
361417,5248
361418,5248
361420,5248
361423,5248
361424,5248
361425,5248
361426,5248
361427,5248
361428,5249
361429,5249
361432,5249
361436,5249
361444,5249
361446,5249
361433,5250
361443,5251
361447,5251
361449,5251
361431,5252
361435,5252
361438,5252
361439,5252
361441,5252
361434,5253
361440,5253
361450,5253
361451,5253
361445,5254
361448,5254
361430,5255
361437,5255
361442,5256
362768,5257
362769,5257
362770,5257
361452,5258
361453,5258
361455,5258
361456,5258
361458,5258
361454,5259
361459,5259
361464,5260
361469,5260
361470,5260
361472,5260
361461,5261
361463,5261
361465,5261
361471,5261
361473,5261
361474,5261
361466,5262
361467,5262
361468,5262
361462,5263
361481,5264
361483,5264
361484,5264
361475,5265
361476,5265
361477,5265
361478,5265
361479,5265
361480,5265
361482,5265
361497,5266
361498,5266
361504,5266
361492,5267
361496,5267
361500,5267
361512,5268
361485,5269
361489,5269
361508,5269
361516,5269
361502,5270
361487,5271
361493,5271
361506,5271
361510,5271
361517,5271
361491,5272
361494,5272
361499,5272
361511,5272
361518,5272
361486,5273
361488,5273
361490,5273
361509,5273
361495,5274
361501,5274
361503,5274
361505,5274
361515,5274
361535,5275
361538,5275
361530,5276
361531,5276
361537,5276
361519,5277
361523,5277
361527,5277
361532,5277
361533,5277
361536,5277
361520,5278
361521,5278
361534,5278
361529,5279
361525,5280
361526,5280
361522,5281
361524,5281
361528,5281
361539,5282
361540,5282
361541,5282
361542,5282
361543,5283
361544,5283
361545,5283
361546,5283
361547,5283
361548,5283
361549,5283
361550,5284
361553,5285
361554,5285
361555,5285
361557,5285
361559,5285
361560,5285
361562,5285
361566,5285
361770,5285
361551,5286
361558,5286
361561,5286
361563,5286
361564,5286
361565,5286
361567,5286
362970,5286
361654,5287
361655,5287
361569,5288
361568,5290
361570,5290
361572,5290
361574,5291
361576,5291
361577,5291
361579,5291
361583,5291
361585,5291
361581,5292
364847,5292
361578,5293
361580,5293
361584,5293
361586,5293
361575,5294
361582,5294
364848,5294
364852,5294
364853,5294
361587,5295
361588,5296
361589,5297
361590,5297
361592,5297
361594,5297
361597,5297
361591,5298
361593,5298
361595,5298
361596,5298
361598,5298
361599,5299
361601,5299
361604,5299
361607,5299
361608,5299
361600,5300
361602,5300
361603,5300
361605,5300
361606,5300
361610,5301
361611,5301
361609,5302
361613,5302
361614,5303
361615,5303
361616,5303
361620,5303
361622,5303
361623,5303
361618,5304
361621,5304
361624,5306
361625,5306
361626,5306
361627,5306
361629,5306
361631,5306
361634,5306
361628,5307
361630,5307
361632,5307
361633,5307
361643,5308
361640,5309
361652,5309
361653,5309
361645,5310
361644,5311
361637,5312
361642,5312
361647,5312
361635,5313
361646,5313
361649,5313
361650,5313
361651,5313
361641,5314
361638,5315
361639,5315
361648,5315
361656,5316
361658,5316
361659,5316
361663,5316
361666,5316
361667,5316
364350,5316
364354,5316
364356,5316
361664,5317
361657,5318
361660,5318
361661,5318
361662,5318
361665,5318
361668,5318
361669,5319
361673,5319
361675,5319
361670,5320
361671,5320
361672,5320
361674,5320
361676,5320
361677,5320
361678,5320
361679,5320
361680,5320
361688,5321
361693,5321
361683,5322
361689,5322
361681,5323
361682,5323
361684,5323
361685,5323
361687,5323
361691,5323
361692,5323
361690,5324
361695,5325
361696,5325
361697,5325
361698,5325
361699,5325
361700,5325
361701,5325
361694,5326
361702,5327
361703,5327
361708,5327
361711,5327
361704,5328
361707,5328
361709,5328
361710,5328
361719,5329
361744,5329
361712,5330
361726,5330
361730,5330
361735,5330
361742,5330
361743,5330
361745,5330
361717,5331
361740,5331
361714,5332
361720,5332
361724,5332
361727,5332
361729,5332
361732,5332
361736,5332
361728,5333
361739,5333
361713,5334
361718,5334
361721,5334
361734,5334
361738,5334
361741,5334
368368,5334
361716,5335
361722,5335
361725,5335
361733,5335
361715,5336
361723,5336
361731,5336
361737,5336
361750,5337
365922,5337
361747,5338
361752,5338
361753,5338
361751,5339
361746,5340
361748,5340
361754,5340
361749,5341
361760,5342
361763,5342
361774,5342
361775,5342
361757,5343
361766,5343
361765,5345
361768,5345
361771,5345
361772,5345
361777,5345
361755,5346
361759,5346
361764,5346
361769,5346
361773,5346
361767,5347
367498,5347
367574,5347
367606,5347
367670,5347
361758,5348
361761,5348
361778,5348
362962,5348
362966,5348
362972,5348
362978,5348
364779,5348
361776,5349
361756,5350
361762,5350
361783,5351
361785,5351
361788,5351
364758,5351
364761,5351
361779,5352
361780,5352
361781,5352
361782,5352
361784,5352
361787,5352
361786,5353
361798,5354
361799,5354
361789,5355
361795,5355
361791,5356
361793,5356
361790,5357
361792,5357
361794,5357
361796,5357
361797,5358
361802,5359
361803,5359
361804,5359
361805,5359
361806,5359
361807,5359
361808,5359
361809,5360
361811,5360
361812,5360
361813,5360
361815,5360
361816,5360
361817,5360
364849,5360
361818,5361
361810,5362
361814,5362
361819,5363
361820,5363
361821,5363
361822,5363
361824,5364
361826,5364
361828,5364
361829,5364
361833,5364
361823,5365
361825,5365
361827,5365
361830,5365
361831,5365
361832,5365
361834,5366
361856,5366
361860,5366
361866,5366
361840,5367
361843,5367
361857,5367
361869,5367
361841,5368
361855,5368
361859,5368
361864,5368
361846,5369
361849,5369
361851,5369
361852,5369
361867,5369
361837,5370
361839,5370
361842,5370
361853,5370
361854,5370
361863,5370
361845,5372
361847,5372
361862,5372
361838,5374
361844,5374
361887,5375
361890,5375
361870,5376
361871,5376
361872,5376
361883,5376
361877,5379
361886,5379
361889,5379
361892,5379
361875,5380
361873,5381
361880,5381
361882,5381
361891,5381
361876,5382
361881,5382
361885,5382
361888,5382
361893,5383
361894,5383
361900,5383
361895,5384
361897,5384
361899,5384
361896,5385
361898,5385
367561,5385
361909,5386
361910,5386
361901,5387
361904,5387
361908,5387
361916,5387
361919,5387
361921,5387
361903,5388
361905,5388
361907,5388
361911,5388
361912,5388
361918,5388
361920,5388
361922,5388
361923,5388
361924,5388
361902,5389
361913,5389
361914,5389
361915,5389
361906,5390
361917,5390
364330,5390
361935,5391
361936,5391
361937,5391
361926,5392
361927,5392
361930,5392
361934,5392
361925,5393
361928,5393
361929,5393
361938,5393
361940,5393
361941,5393
361942,5393
361946,5393
361931,5394
361939,5394
361945,5394
361932,5395
361933,5395
361943,5395
361944,5395
361952,5396
361961,5396
361966,5396
361967,5396
361973,5396
361951,5397
361958,5397
361965,5397
361969,5397
361971,5397
361975,5397
361976,5397
361977,5397
361959,5398
361956,5399
361957,5399
361960,5399
361968,5399
361970,5399
361974,5399
361980,5399
361950,5400
361954,5400
361963,5400
361978,5400
361979,5400
361953,5401
361955,5401
361947,5402
361948,5402
361949,5402
361962,5402
361964,5402
361972,5402
361981,5402
361983,5403
361985,5403
362001,5403
362007,5403
361994,5404
362003,5405
362013,5405
362014,5405
362016,5405
362005,5406
361992,5408
361995,5408
361997,5408
362004,5408
362006,5408
362008,5408
362011,5408
361982,5409
361988,5409
361996,5409
362010,5409
361993,5410
361999,5411
364620,5412
364625,5412
364630,5412
364631,5412
362015,5413
362002,5414
362024,5416
362026,5416
362029,5416
362034,5416
362043,5416
362022,5417
362023,5417
362033,5417
362036,5417
362019,5418
362021,5418
362038,5418
362039,5418
362030,5419
362028,5420
363677,5420
363696,5420
363721,5420
363759,5420
363779,5420
362025,5421
362027,5421
362032,5421
362037,5421
362041,5421
362042,5421
362044,5421
362045,5422
362046,5422
362047,5422
362051,5423
362057,5423
363081,5424
363082,5424
363087,5424
362061,5425
371988,5425
371989,5425
371991,5425
362053,5426
362060,5426
362065,5426
362075,5426
362048,5427
362050,5427
362055,5427
362056,5427
362058,5427
362059,5427
362062,5427
362063,5427
362071,5427
362052,5428
362049,5429
362054,5429
362066,5429
362067,5429
362070,5429
362076,5429
362064,5430
362068,5430
362069,5430
362072,5430
362073,5430
362074,5430
362077,5430
362078,5431
362079,5431
362080,5431
362081,5431
362085,5431
362082,5432
362083,5432
362084,5432
362086,5432
362087,5432
362095,5433
362103,5433
362093,5435
362094,5436
362090,5437
362107,5437
362091,5438
362092,5438
362096,5438
362098,5438
362099,5438
362097,5439
362088,5440
362105,5440
362108,5441
362110,5441
362089,5442
362102,5442
362104,5442
362106,5442
362109,5442
362113,5444
363089,5444
362114,5445
362115,5445
362116,5445
362117,5445
362119,5445
362120,5445
362122,5445
362123,5445
362124,5445
362118,5446
362121,5446
362133,5447
363625,5447
363627,5447
363629,5447
363630,5447
363643,5447
363645,5447
363650,5447
363651,5447
362126,5448
362127,5448
362125,5449
362128,5449
362129,5449
362130,5449
362131,5449
362132,5449
362134,5449
362145,5450
362147,5450
372581,5450
362136,5451
362140,5451
362141,5451
362146,5451
362148,5451
362151,5451
362138,5452
362142,5452
362149,5452
362154,5452
362157,5452
362139,5453
362144,5453
362153,5453
362150,5454
362152,5454
362155,5454
362156,5454
362158,5454
362135,5455
367741,5455
367748,5455
367752,5455
367755,5455
362137,5456
362143,5456
362160,5457
362164,5457
362167,5457
362169,5457
362171,5457
362183,5457
362162,5458
362165,5459
362168,5459
362170,5459
362174,5459
362163,5460
362177,5460
362185,5460
362159,5461
362172,5461
362173,5461
362176,5461
362178,5461
362179,5461
362181,5461
362184,5461
362161,5462
362166,5463
362175,5463
362180,5463
362182,5463
362186,5464
362194,5464
362204,5464
362207,5464
362209,5464
362213,5465
362206,5466
362214,5466
369595,5466
369606,5466
362187,5467
362189,5467
362195,5467
362199,5467
362203,5467
362205,5467
362211,5467
362215,5467
362191,5468
362196,5468
362192,5469
362200,5469
362201,5469
362210,5469
362212,5469
362188,5470
362193,5470
362197,5470
362198,5470
362208,5470
362216,5470
362190,5471
362202,5471
368302,5471
368304,5471
368314,5471
362224,5472
365188,5472
365190,5472
362219,5473
362220,5473
362223,5473
362227,5473
362226,5474
364675,5474
365187,5474
365189,5474
362217,5475
362218,5475
362221,5475
362222,5475
362228,5476
362229,5476
362233,5476
362234,5476
362237,5476
362238,5476
362239,5476
362244,5476
362232,5477
362241,5477
362240,5478
362243,5478
362236,5479
362235,5480
362242,5480
362230,5481
362231,5481
362246,5482
362247,5482
362248,5482
362254,5483
362266,5483
362268,5483
362275,5483
362276,5483
362277,5484
362252,5485
362253,5486
362257,5486
362262,5486
362271,5486
362273,5486
362255,5487
362259,5487
362263,5488
362265,5488
362269,5488
362270,5488
362256,5489
362258,5489
362260,5489
362261,5489
362264,5489
362272,5489
362251,5490
362283,5492
362285,5492
362279,5493
362289,5493
362290,5493
362291,5493
364861,5493
362280,5494
362281,5494
362282,5494
362284,5494
362287,5494
362288,5494
362292,5494
362278,5495
362286,5495
362299,5496
362303,5496
362296,5497
362302,5497
362298,5498
362301,5498
362293,5499
362294,5499
362295,5499
362297,5499
362300,5499
362304,5499
362305,5500
362306,5500
362307,5500
362309,5500
362312,5500
362316,5500
362310,5501
362311,5501
362313,5501
362315,5501
362308,5502
362314,5502
362318,5503
362317,5504
362319,5504
362320,5504
362322,5505
362324,5505
362325,5505
362326,5505
362323,5506
362327,5506
362328,5506
362330,5506
362329,5507
362331,5507
362343,5509
362348,5509
362335,5510
362337,5510
362344,5510
362345,5510
362346,5511
362938,5511
362940,5511
362944,5511
362945,5511
362948,5511
362956,5511
363002,5511
362332,5512
362338,5512
362340,5512
362341,5512
362342,5514
362347,5514
362333,5515
362336,5515
362339,5515
362334,5516
362356,5517
362357,5517
362358,5517
363619,5517
362355,5518
362361,5518
362362,5518
362353,5519
362354,5519
362359,5519
362360,5519
362363,5519
362365,5520
362366,5520
362372,5520
362379,5520
362386,5520
362374,5521
362375,5521
362384,5521
362364,5522
362382,5522
362387,5522
362373,5523
362371,5524
362377,5524
362378,5524
362385,5524
362367,5526
362381,5526
362383,5526
362368,5527
362369,5527
362370,5527
362376,5527
362380,5527
362393,5528
362405,5528
362388,5529
362404,5529
362389,5530
362396,5530
362400,5530
362402,5530
362391,5531
362399,5531
362392,5532
362394,5532
362397,5532
362398,5532
362390,5533
362395,5533
362401,5533
362403,5533
362406,5534
362408,5534
362409,5534
362416,5534
362407,5535
362410,5535
362411,5535
362412,5535
362413,5535
362414,5535
362415,5535
362419,5536
362422,5536
362424,5536
362430,5536
362426,5537
362428,5537
362417,5538
362418,5538
362420,5538
362421,5538
362423,5538
362425,5538
362427,5538
362429,5538
362440,5539
362442,5539
362444,5539
362447,5539
362448,5539
362445,5540
362432,5541
362434,5541
362437,5541
362438,5541
362431,5542
362433,5542
362436,5542
362439,5542
362441,5542
362453,5543
362450,5544
362451,5544
362454,5544
362456,5544
362458,5544
362459,5545
362449,5546
362452,5546
362455,5546
362457,5546
362461,5547
362462,5547
362465,5548
362468,5548
362469,5548
362473,5548
362464,5549
362467,5549
362472,5549
362474,5549
362463,5550
362466,5550
362471,5550
362470,5551
362475,5551
362476,5551
362477,5552
362479,5552
362492,5552
362493,5552
362496,5552
362480,5553
362483,5553
362485,5553
362487,5553
362490,5553
362488,5554
362478,5555
362482,5555
362481,5556
362484,5556
362486,5556
362495,5556
362497,5557
362506,5558
362514,5558
362517,5558
362507,5559
362515,5559
362518,5559
362511,5560
362519,5560
362503,5561
362508,5561
362509,5561
362502,5562
362510,5562
362501,5563
362504,5563
362512,5563
362499,5564
362500,5564
362505,5564
362513,5564
362528,5565
362521,5566
362524,5566
362529,5566
362536,5566
362542,5566
362532,5567
362535,5567
362539,5567
362520,5568
362523,5568
362525,5568
362526,5568
362533,5568
362538,5568
362541,5568
362531,5569
362537,5569
362543,5569
362527,5570
362530,5571
362540,5571
362522,5572
362534,5572
362544,5573
362545,5573
362546,5573
362547,5573
362548,5573
362549,5573
362550,5573
362551,5574
362553,5575
362555,5575
362556,5575
362552,5576
362554,5576
362557,5576
362558,5577
362559,5577
362560,5577
362561,5578
362569,5579
362571,5579
362562,5580
362563,5580
362564,5580
362565,5580
362566,5580
362567,5580
362568,5580
362570,5580
362572,5581
362577,5581
362578,5581
362580,5581
362576,5582
362579,5582
362583,5582
362573,5583
362574,5583
362575,5583
362582,5583
362587,5584
362588,5584
362589,5584
362590,5584
362593,5584
362595,5584
362596,5584
362594,5585
362586,5586
362604,5587
363767,5587
371344,5587
371353,5587
362600,5588
362602,5589
362597,5590
362598,5590
362599,5590
362601,5590
362603,5590
363714,5590
363797,5590
362605,5591
362606,5591
362607,5591
362610,5591
362613,5591
362615,5591
362612,5592
362616,5592
370608,5592
362608,5593
362609,5593
362611,5593
362614,5593
362617,5594
362626,5594
362627,5594
362633,5594
362620,5595
362623,5595
362630,5595
362619,5596
362621,5596
362622,5596
362625,5596
362628,5597
362631,5597
362618,5598
362624,5598
362629,5598
362632,5598
362634,5598
362648,5599
362649,5599
362663,5599
362666,5599
362639,5600
362647,5600
362635,5601
362643,5601
362651,5601
362664,5601
362650,5602
362658,5602
362661,5602
362646,5603
362655,5603
362638,5604
362641,5604
362645,5604
362653,5604
362657,5604
362659,5604
362662,5604
362640,5605
362665,5605
362644,5606
362652,5606
362654,5606
362660,5606
362636,5607
362637,5608
362642,5608
362667,5609
362670,5609
362672,5609
362668,5610
362669,5610
362671,5610
362673,5611
362675,5612
362676,5612
362678,5612
362682,5612
362683,5612
362677,5613
362680,5613
362686,5613
369348,5613
362674,5614
362679,5614
362681,5614
362684,5614
362685,5614
362687,5614
365694,5615
365698,5615
365702,5615
362691,5616
365692,5617
365700,5617
362689,5618
362690,5618
362692,5618
362694,5618
362695,5618
362696,5618
362697,5618
362688,5619
362693,5619
362701,5620
362704,5620
362698,5621
362699,5621
362705,5621
362702,5622
362703,5622
362715,5623
363174,5624
363178,5624
363180,5624
363182,5624
363186,5624
363192,5624
363193,5624
362708,5625
362710,5625
362712,5625
362713,5625
362722,5625
362728,5625
362706,5626
362716,5626
362723,5626
362721,5627
362726,5627
362717,5628
362718,5628
362707,5629
362714,5629
362727,5629
362711,5630
362719,5630
362720,5630
362725,5630
362709,5631
362724,5631
362735,5632
362737,5632
362742,5632
362733,5633
362738,5633
362739,5633
362747,5633
362744,5634
362734,5635
362741,5635
362746,5635
362748,5635
362749,5635
362729,5636
362730,5636
362731,5636
362732,5636
362736,5636
362740,5636
362743,5636
362745,5636
362750,5636
362753,5637
362757,5637
362751,5638
362754,5638
362755,5638
362756,5638
362760,5638
362762,5638
362763,5638
362752,5639
362759,5640
362761,5640
362758,5641
362764,5641
362765,5641
362766,5641
362767,5641
362771,5642
362772,5642
362773,5642
362774,5642
362775,5642
362776,5642
363102,5643
363103,5643
363104,5643
363107,5643
363109,5643
362777,5644
362781,5644
362789,5644
362798,5644
362801,5644
362793,5645
362778,5646
362785,5646
362786,5646
362788,5646
362791,5646
362795,5646
362792,5647
362794,5647
362800,5647
362779,5648
362780,5648
362782,5648
362783,5648
362784,5648
362787,5648
362790,5648
362796,5648
362797,5650
362799,5650
363108,5650
362802,5652
362803,5652
362804,5653
362805,5653
362806,5653
362807,5653
362811,5654
362808,5655
362809,5655
362810,5655
362812,5655
362814,5656
362820,5656
362822,5656
362827,5656
362828,5657
362817,5658
362818,5658
362819,5658
362821,5658
362813,5659
362816,5659
362823,5659
362824,5659
362825,5659
369810,5659
369893,5659
369952,5659
362815,5660
362826,5660
362829,5660
362848,5661
362834,5662
362837,5662
362857,5662
366566,5662
366567,5662
362835,5663
362841,5663
362849,5663
362854,5663
362830,5664
362842,5664
362833,5665
368293,5665
362838,5666
362851,5666
362853,5666
362839,5667
362850,5667
362836,5668
362852,5668
362832,5669
362840,5669
362847,5669
362855,5669
362858,5669
362831,5670
362845,5670
362843,5671
362844,5671
362846,5671
362856,5671
364566,5671
364567,5671
364568,5671
362873,5672
362874,5672
362868,5673
362861,5674
362862,5674
362865,5674
362867,5674
362875,5674
362879,5674
362866,5675
362870,5675
362871,5675
362863,5676
362864,5677
362859,5678
362872,5678
362878,5678
362860,5679
362869,5679
362877,5679
362889,5680
362899,5681
362908,5681
362909,5681
362887,5683
362898,5683
362884,5684
362891,5684
362893,5684
362894,5684
362895,5684
362900,5684
362896,5685
362902,5685
362904,5685
362901,5686
362881,5687
362883,5687
362886,5687
362890,5687
362892,5687
362903,5687
362882,5688
362885,5688
362888,5688
362897,5688
362905,5688
362906,5688
362907,5688
362880,5689
362917,5691
362918,5692
362932,5692
362925,5693
362911,5694
362914,5694
362927,5694
362919,5695
362929,5695
362930,5695
362922,5696
362924,5696
362926,5696
362928,5696
362931,5696
362910,5697
362912,5697
362913,5697
362916,5697
362920,5697
362921,5697
362952,5698
362960,5698
364736,5698
364739,5698
364742,5698
362941,5699
362936,5700
362942,5700
362949,5700
362954,5700
362958,5700
364757,5700
362961,5701
364855,5701
364857,5701
364858,5701
364859,5701
362937,5702
362943,5702
362957,5702
362959,5702
362946,5703
364680,5703
362934,5704
362939,5704
362950,5704
362951,5704
362935,5705
362955,5705
362933,5706
362947,5706
362953,5706
364679,5706
364683,5706
364684,5706
364685,5706
362963,5707
362964,5707
362965,5707
362969,5707
362974,5707
362968,5708
362971,5708
362973,5708
362975,5708
362976,5708
362977,5708
362980,5709
362979,5710
362981,5710
362982,5710
362983,5710
362985,5712
362988,5712
362990,5712
362991,5712
362992,5712
362993,5712
362995,5712
362996,5712
362986,5713
362987,5713
362989,5713
362994,5713
362998,5714
362999,5714
363001,5714
362997,5715
363000,5715
363005,5716
363008,5716
363011,5716
363012,5716
363007,5718
363010,5718
363014,5718
363003,5719
363004,5720
363006,5720
363009,5720
363013,5720
363016,5721
363019,5721
363021,5721
363022,5721
363023,5721
363015,5722
363017,5722
363018,5722
363020,5722
363024,5722
363025,5723
363028,5723
363029,5723
363031,5723
363032,5723
363035,5723
363026,5724
363027,5724
363030,5724
363033,5725
363034,5726
364807,5726
364810,5726
363037,5727
363040,5727
363042,5727
363045,5727
363051,5727
363053,5727
363038,5728
363046,5728
363048,5728
363050,5728
363052,5728
363041,5729
363049,5729
363036,5730
363039,5730
363043,5730
363044,5730
363047,5730
363059,5731
363060,5731
363055,5732
363056,5732
363058,5732
363054,5733
363057,5733
363061,5734
363071,5734
363072,5734
363075,5734
363077,5734
363063,5735
363066,5735
363068,5735
363073,5735
363070,5736
363062,5737
363064,5738
363065,5738
363067,5738
363069,5738
363074,5738
363076,5738
363079,5739
363078,5740
363088,5742
363090,5742
363091,5742
363092,5742
363096,5743
363093,5744
363095,5744
363098,5744
363099,5744
364984,5744
364987,5744
363100,5745
363101,5745
363112,5746
363114,5746
363116,5746
364850,5747
364851,5747
363115,5748
363111,5749
363117,5749
363113,5750
363118,5750
363119,5750
363120,5751
363121,5752
363126,5753
363122,5755
363124,5755
363127,5755
363129,5755
363130,5755
363132,5755
363123,5756
363125,5756
363128,5756
363131,5756
363135,5757
363137,5757
363133,5758
363134,5758
363136,5758
363138,5759
363139,5759
363140,5759
363141,5759
363142,5759
363143,5759
363144,5759
363145,5759
363146,5759
363150,5761
363151,5762
363154,5762
363155,5762
363165,5763
363171,5763
363163,5764
363164,5764
363167,5764
363168,5764
363170,5764
363156,5765
363157,5765
363158,5765
363160,5765
363161,5765
363162,5765
363166,5765
363169,5765
363179,5766
363181,5766
363191,5766
363175,5767
363183,5767
363184,5767
363188,5768
363189,5768
363209,5769
363207,5770
363217,5770
363194,5771
363200,5771
363202,5771
363205,5771
363206,5771
363220,5771
363226,5771
363210,5772
363211,5772
363212,5772
363224,5772
363196,5773
363197,5773
363199,5773
363208,5773
363221,5773
363222,5773
363227,5773
363201,5774
363204,5774
363195,5775
363213,5775
363215,5775
363218,5775
363223,5775
363198,5776
363216,5776
363219,5776
363203,5777
363214,5777
363225,5777
363228,5778
363230,5778
363229,5779
363234,5779
363235,5779
363236,5779
363237,5779
363239,5779
363241,5779
363231,5780
363232,5780
363233,5780
363238,5780
363240,5780
363242,5780
363259,5781
363261,5781
363262,5781
363243,5782
363255,5782
363271,5782
363246,5783
363247,5783
363250,5783
363257,5783
363263,5783
363266,5783
370320,5783
371893,5783
363244,5784
363252,5784
363264,5784
363245,5785
363253,5785
363258,5786
363265,5786
363269,5786
363270,5786
363268,5787
363249,5788
363251,5788
363254,5788
363260,5788
363273,5788
363256,5789
363248,5790
363267,5791
363272,5791
363274,5791
363284,5792
363285,5792
363298,5793
363294,5794
363308,5794
363278,5795
363313,5795
363314,5795
363315,5795
363316,5795
363286,5796
363287,5796
363301,5796
363317,5796
363277,5797
363300,5797
363280,5798
363283,5798
363291,5798
363311,5798
363282,5799
363289,5799
363303,5799
363319,5799
363279,5800
363281,5800
363309,5800
363288,5801
363306,5801
363307,5801
363276,5802
363296,5802
363299,5802
363302,5802
363304,5802
363318,5802
363275,5803
363295,5803
363312,5803
363290,5804
363292,5804
363293,5804
363297,5804
363310,5804
363305,5805
363320,5806
363322,5806
363331,5806
363333,5806
363329,5807
363332,5807
363337,5807
363342,5807
363343,5807
363321,5808
363326,5808
363335,5808
363336,5808
363340,5808
366552,5808
367108,5808
367591,5808
363339,5810
363328,5811
363338,5811
363341,5811
363344,5811
363345,5811
363323,5812
363324,5812
363330,5812
363334,5812
367710,5812
363325,5813
363327,5813
363352,5814
363362,5814
363374,5814
363377,5814
363386,5814
363389,5814
363348,5815
363360,5815
363364,5815
363382,5815
363365,5816
363373,5816
363378,5816
363384,5816
363347,5817
363350,5817
363356,5817
363358,5817
363376,5817
363379,5817
363380,5817
363388,5817
363349,5818
363366,5818
363369,5818
363372,5818
363370,5819
363390,5819
363346,5820
363353,5820
363359,5820
363361,5820
363375,5820
363381,5820
363383,5820
363357,5821
363355,5822
363363,5822
363371,5822
363385,5822
363387,5822
363351,5823
363354,5823
363367,5823
363368,5823
363401,5824
363442,5824
363394,5825
363447,5825
363414,5826
363446,5826
363404,5827
363412,5827
363420,5827
363425,5827
363424,5828
363427,5828
363431,5828
363437,5828
363411,5829
363433,5829
363441,5829
363397,5830
363398,5830
363405,5830
363407,5830
363448,5830
363409,5831
363429,5831
363450,5831
363396,5832
363402,5832
363419,5832
363439,5832
363443,5832
363445,5832
365505,5833
365506,5833
365508,5833
365513,5833
365514,5833
365515,5833
363392,5834
363395,5834
363417,5834
363400,5835
363406,5835
363430,5835
363440,5835
363444,5835
363391,5836
363393,5836
363413,5836
363415,5836
363421,5836
363422,5836
363432,5836
363408,5837
363426,5837
363399,5838
363416,5838
363418,5838
363428,5838
363438,5838
363449,5838
363403,5839
363410,5839
363423,5839
363434,5839
363435,5839
363436,5839
363460,5840
369343,5841
369344,5841
369346,5841
369349,5841
369353,5841
363453,5842
363462,5842
376875,5842
377157,5842
363457,5843
363461,5843
363452,5844
363463,5844
377061,5844
376684,5845
363455,5846
363459,5846
376418,5846
363464,5847
363451,5848
363454,5848
363456,5848
363458,5848
363469,5849
363473,5849
363478,5849
363486,5849
363490,5849
363484,5850
363488,5850
363468,5851
363471,5851
363477,5851
363483,5851
363496,5851
366536,5851
363465,5852
363489,5852
363492,5852
363493,5852
363480,5853
363491,5854
363475,5855
363466,5856
363467,5856
363472,5856
363476,5856
363479,5856
363482,5856
363497,5856
363481,5857
363487,5857
363498,5857
363474,5858
363485,5858
363494,5858
363470,5859
363495,5859
363499,5859
363500,5859
363516,5860
363523,5860
363544,5860
363555,5860
363562,5860
363567,5860
363521,5861
363525,5861
363540,5861
363552,5861
363560,5861
363505,5862
363527,5862
363565,5862
363512,5863
363545,5863
363566,5863
363571,5863
363518,5864
363538,5864
363570,5864
365752,5865
365753,5865
365754,5865
363515,5866
363517,5867
363524,5867
363534,5867
363537,5867
363550,5867
363569,5867
365814,5867
363513,5868
363532,5868
363557,5868
363519,5869
363520,5869
363522,5869
363536,5869
363551,5869
363501,5870
363503,5870
363507,5870
363529,5870
363539,5870
363556,5870
363558,5870
363514,5871
363528,5871
363530,5871
363533,5871
363549,5871
363554,5871
363504,5872
363502,5873
363508,5873
363509,5873
363548,5873
363559,5874
363568,5874
363561,5875
363572,5875
363535,5876
363510,5877
363511,5877
363543,5877
363553,5877
363506,5878
363541,5879
363563,5879
363542,5880
363526,5881
363547,5881
363564,5881
363531,5882
363546,5882
363573,5883
363575,5883
363585,5883
365799,5883
365800,5883
365801,5883
363583,5884
363574,5885
363576,5885
363579,5885
363584,5885
363591,5885
363592,5885
363581,5886
363578,5887
363593,5887
363587,5888
363577,5889
363580,5889
363582,5889
363586,5889
363588,5889
363589,5889
363590,5889
363594,5890
363595,5890
363596,5890
363597,5890
363598,5890
363599,5890
363600,5890
363602,5891
363605,5891
363612,5891
363608,5892
363614,5892
363601,5893
363606,5893
363611,5893
363610,5894
363607,5895
363603,5896
363609,5896
363604,5897
363613,5897
363615,5897
363616,5897
363617,5897
363633,5899
363653,5899
363647,5900
363634,5901
363635,5901
363644,5901
363655,5901
367791,5901
372777,5901
363639,5902
369137,5902
369159,5902
363628,5903
363638,5903
363648,5903
363626,5904
363652,5904
363632,5905
363636,5905
363654,5905
363623,5906
363624,5906
363649,5906
363622,5907
363646,5907
363637,5908
363640,5908
363641,5908
363642,5908
363656,5909
363657,5909
363658,5909
363659,5909
363660,5909
363661,5909
363662,5909
363737,5910
363748,5910
363686,5911
363663,5912
363750,5912
363668,5913
363672,5914
363680,5914
363692,5914
363780,5914
363671,5915
363756,5915
363685,5916
363726,5916
363733,5916
363792,5916
368004,5916
363666,5917
363716,5917
363723,5917
363735,5917
363715,5918
363736,5918
363674,5919
363770,5919
363771,5919
363776,5919
363749,5920
363784,5920
363787,5920
363693,5921
363766,5921
363772,5921
363786,5921
363795,5921
363798,5921
363722,5922
363729,5922
363747,5922
363768,5922
363788,5922
363793,5922
367824,5922
363702,5923
363669,5924
363695,5924
363705,5924
363751,5924
363753,5924
363763,5924
363764,5924
363775,5924
363801,5924
363706,5925
363708,5925
363713,5925
363734,5925
363739,5925
363741,5925
363755,5925
363673,5926
363698,5926
363704,5926
363728,5926
363731,5926
363778,5926
363789,5926
363675,5927
363683,5927
363694,5927
363720,5927
363700,5928
363769,5928
363773,5928
363785,5928
363800,5928
363682,5929
363670,5930
363688,5930
363754,5930
363765,5930
363676,5931
363678,5931
363727,5931
363746,5931
363758,5931
363782,5931
363717,5932
363730,5932
363757,5932
363760,5932
363777,5932
363783,5932
363679,5933
363701,5933
363710,5933
363774,5933
363667,5934
363684,5934
363707,5934
363744,5934
363761,5934
363681,5935
363689,5935
363711,5935
363745,5935
363794,5935
363732,5936
363791,5936
363703,5937
363719,5937
363724,5937
363752,5937
363699,5939
363743,5939
363738,5940
363781,5940
363790,5940
363762,5941
363690,5942
363740,5942
363709,5943
365293,5943
365294,5943
365295,5943
363697,5944
363718,5944
363664,5945
363665,5945
363691,5945
363725,5945
363742,5945
363796,5945
363799,5946
363802,5946
363845,5947
363882,5947
367778,5947
363803,5948
363812,5948
363849,5948
363805,5949
363809,5949
363855,5949
363861,5949
363866,5949
363872,5949
363875,5949
363860,5950
363817,5951
363836,5951
363865,5951
363807,5952
363825,5952
363829,5952
363838,5952
363856,5952
363810,5953
363813,5953
363834,5953
363835,5953
363864,5953
363880,5953
363850,5954
363862,5954
363888,5954
363889,5954
363844,5955
363818,5956
363830,5956
363814,5957
363816,5957
363833,5957
363840,5957
363847,5957
363853,5957
363869,5957
363827,5958
363832,5958
363857,5958
363887,5959
363886,5960
363821,5961
363890,5961
363806,5962
363859,5962
363868,5962
363846,5963
363858,5963
363878,5964
363881,5964
363823,5965
363824,5965
363842,5965
363843,5965
363851,5965
363867,5965
363879,5965
363808,5966
363815,5966
363819,5966
363828,5966
363831,5966
363852,5966
363873,5966
363822,5967
363837,5967
363874,5967
363876,5967
363883,5967
363839,5968
363870,5968
363871,5968
363820,5969
363841,5969
363826,5970
363854,5970
363884,5970
363804,5971
363811,5971
363848,5971
363863,5971
363877,5971
363885,5971
363898,5972
363908,5972
363913,5972
363897,5973
363904,5973
363914,5973
363916,5973
363918,5973
367129,5973
367206,5973
367546,5973
363894,5974
363895,5974
363899,5974
363901,5974
363907,5974
363915,5974
363896,5975
363902,5975
363903,5975
363911,5975
363926,5977
363930,5977
363931,5977
363924,5978
363925,5978
363927,5978
363928,5979
363921,5980
363922,5980
363923,5980
363929,5980
363951,5981
363963,5981
363950,5982
363966,5982
363933,5983
363943,5983
363955,5983
363959,5983
363965,5983
363969,5983
363972,5983
363974,5983
363936,5984
363956,5984
363957,5984
363964,5984
363967,5984
363973,5984
363948,5985
363949,5985
363953,5985
363942,5986
363932,5987
363935,5987
363944,5987
363947,5987
363958,5987
363954,5988
363960,5988
363975,5988
367927,5988
363938,5989
363961,5989
363934,5990
363945,5990
363962,5990
363939,5991
363968,5991
363970,5991
363940,5992
363941,5992
363937,5993
363946,5993
363952,5993
363971,5993
363976,5993
363980,5994
363981,5994
363990,5994
363994,5994
363977,5995
363978,5995
363988,5995
363991,5995
363982,5996
363996,5996
363998,5996
363979,5997
363984,5997
363992,5997
363987,5998
363989,5998
363995,5998
363983,5999
363985,5999
363986,5999
363993,5999
363997,5999
364002,6000
364004,6000
364007,6000
364017,6000
364000,6001
364003,6001
364011,6001
364013,6001
363999,6002
364001,6002
364005,6002
364006,6002
364009,6002
364012,6002
364015,6002
364018,6002
364014,6003
364016,6004
364010,6005
364008,6006
364026,6007
364031,6007
364033,6007
364041,6007
364021,6008
364022,6008
364030,6008
364036,6008
364038,6008
364032,6009
364035,6009
364040,6009
364019,6010
364020,6010
364024,6010
364025,6010
364028,6010
364029,6010
364034,6010
364042,6010
364023,6011
364027,6011
364037,6011
364039,6011
364043,6012
364044,6012
364045,6012
364046,6012
364068,6013
364047,6014
364051,6014
364060,6014
364063,6014
364067,6014
364069,6014
364351,6014
364048,6015
364049,6015
364056,6015
364057,6015
364061,6015
364062,6015
364065,6015
364066,6015
364071,6015
364052,6016
364059,6016
364064,6016
364072,6016
364054,6017
364055,6017
364058,6017
364070,6017
364050,6018
364053,6018
364073,6019
364076,6019
364079,6019
364081,6019
364088,6020
364093,6020
364097,6020
364103,6020
364082,6021
364086,6021
364100,6021
364104,6021
364087,6022
364092,6022
364084,6023
364085,6023
364091,6023
364094,6023
364096,6023
364101,6024
372540,6024
372745,6024
364083,6025
364090,6025
364095,6026
364099,6026
364098,6027
364089,6028
364115,6028
364102,6029
364105,6030
364106,6030
364107,6030
364108,6030
364110,6031
364111,6031
364112,6031
364114,6031
364109,6032
364113,6032
364123,6033
364129,6034
364131,6034
364119,6035
364122,6035
364126,6035
364116,6037
364117,6037
364118,6037
364125,6037
364134,6037
364128,6038
364121,6039
364124,6039
364127,6039
364130,6039
364133,6039
364136,6040
364137,6041
364139,6041
364145,6041
364151,6041
364152,6041
364153,6041
364156,6041
364161,6041
364144,6042
364149,6042
364157,6042
364159,6042
364140,6043
364143,6043
364154,6043
364155,6043
364158,6043
364135,6044
364147,6044
364150,6044
364160,6044
364138,6045
364141,6045
364142,6045
364146,6045
364148,6045
364162,6046
364170,6046
364171,6046
364185,6046
364189,6046
364194,6046
364195,6046
364196,6046
364165,6047
364175,6047
364183,6047
366868,6047
364167,6048
365276,6048
365277,6048
365280,6048
365281,6048
365283,6048
364163,6049
364179,6049
364173,6050
364184,6050
364187,6050
364166,6051
364172,6051
364182,6051
364193,6051
364168,6052
364174,6052
364176,6052
364177,6052
364178,6052
364180,6052
364192,6052
364197,6052
364164,6053
364188,6053
364190,6053
364169,6054
364181,6054
364191,6054
364186,6055
364231,6056
364199,6057
364204,6057
364206,6057
364217,6057
364223,6057
364224,6057
364215,6058
364233,6058
364203,6059
364219,6059
364228,6059
364230,6059
364239,6059
364209,6060
364213,6060
364214,6060
364226,6060
364242,6060
364243,6060
364198,6061
364232,6061
364234,6061
364205,6062
364225,6062
364227,6062
364241,6062
364202,6063
364210,6063
364211,6063
364218,6063
364221,6063
364236,6063
364237,6063
364207,6064
364200,6065
364212,6065
364216,6065
364222,6065
364235,6065
364220,6066
364201,6067
364208,6067
364229,6067
364238,6067
364240,6067
364281,6068
364289,6068
364298,6068
364260,6069
368967,6069
364253,6070
364261,6070
364267,6070
364273,6070
364274,6070
364277,6070
364282,6070
364266,6071
364245,6072
364264,6072
365038,6072
365050,6072
364250,6073
364251,6073
364269,6073
364272,6073
364276,6073
364278,6073
364287,6073
364290,6073
364299,6073
364301,6073
364246,6074
364259,6074
364283,6074
364292,6074
364268,6075
364270,6075
364271,6075
364295,6075
364304,6075
364291,6076
364252,6077
364254,6077
364280,6077
364286,6077
364296,6077
364302,6077
364247,6078
364249,6078
364275,6078
364279,6078
364255,6079
364265,6079
364303,6079
364248,6080
364262,6080
364293,6080
364294,6080
364297,6080
364305,6080
364244,6081
364284,6081
364256,6082
364257,6082
364258,6083
364263,6083
364285,6083
364288,6083
364300,6083
364308,6084
364337,6084
364341,6084
364342,6084
364316,6085
364317,6085
364309,6086
364313,6086
364314,6086
364319,6086
364324,6086
364327,6086
364334,6086
364340,6086
364343,6086
364307,6087
364315,6087
364321,6087
364336,6087
364312,6088
364323,6088
364333,6088
364338,6088
364322,6089
364328,6089
364318,6090
364335,6090
364339,6090
364344,6090
364345,6090
364310,6091
364325,6091
364326,6091
364329,6091
364306,6092
364311,6092
364332,6092
364331,6093
364346,6094
364347,6095
364348,6095
364349,6095
368889,6095
368903,6095
364352,6096
364359,6096
364361,6096
364355,6097
364357,6098
364353,6099
364362,6099
364363,6099
364364,6099
364377,6100
364367,6101
364370,6101
364371,6101
364372,6101
364373,6101
364375,6101
364376,6101
364380,6101
364365,6102
364369,6102
364378,6102
364374,6103
364366,6104
364368,6104
364379,6104
364381,6105
364384,6105
364389,6105
364394,6105
364385,6106
364391,6108
364395,6108
364383,6109
364386,6109
364387,6109
364388,6109
364390,6109
364393,6110
364399,6111
364400,6111
364404,6111
364402,6112
364403,6112
364409,6112
364412,6112
364401,6113
364406,6113
364408,6113
364410,6113
364411,6113
364396,6114
364397,6114
364398,6114
364405,6114
364407,6114
364418,6115
364413,6116
364414,6116
364415,6116
364416,6116
364417,6117
364419,6117
364424,6118
364433,6118
364436,6118
364421,6119
364422,6119
364962,6119
364963,6119
364427,6120
364435,6120
364420,6121
364428,6121
364432,6121
364431,6122
364434,6122
364430,6123
364426,6124
364423,6125
364429,6125
364425,6126
364961,6126
364437,6127
364445,6127
364439,6128
364440,6128
364441,6128
364442,6128
364443,6128
364438,6129
364444,6129
364446,6130
364450,6130
364451,6130
364453,6130
364454,6131
364447,6132
364448,6132
364449,6132
364452,6132
364469,6133
364462,6134
364470,6134
364472,6134
364455,6135
364459,6135
364461,6135
364466,6135
364467,6135
364468,6135
364473,6135
364477,6135
364458,6136
364463,6136
364476,6136
364457,6137
364471,6137
364475,6137
364456,6138
364460,6138
364464,6138
364465,6138
364478,6138
364474,6139
364492,6140
364494,6140
364498,6140
364487,6141
364491,6141
364493,6141
364488,6142
364490,6142
364500,6142
364501,6142
364482,6143
364495,6143
364480,6144
364483,6144
364486,6144
364484,6145
364485,6146
364496,6146
364497,6146
364479,6147
364481,6147
364489,6147
364499,6147
364515,6148
364524,6148
364526,6148
364505,6149
364506,6149
364520,6149
364503,6150
364504,6150
364509,6150
364514,6150
364518,6150
364523,6150
364502,6151
364513,6151
364517,6151
364508,6152
364510,6152
364527,6152
364507,6153
364512,6153
364519,6153
364522,6153
364511,6154
364516,6154
364521,6154
364525,6154
364528,6154
364531,6155
364541,6155
364547,6155
364554,6155
364532,6156
364537,6156
364553,6156
364529,6157
364530,6157
364536,6157
364549,6157
364535,6158
364543,6158
364544,6158
364545,6158
364540,6159
364548,6159
364551,6159
364552,6159
364558,6159
364542,6160
364546,6160
364550,6160
364539,6161
364556,6161
364533,6162
364555,6162
364534,6163
364538,6163
364557,6163
364559,6165
364564,6165
364561,6166
364563,6166
364560,6167
364562,6167
364569,6168
364570,6168
364571,6168
364565,6169
364572,6170
364604,6170
364608,6170
364612,6170
364615,6170
364618,6170
364574,6171
364580,6171
364607,6171
364585,6172
364593,6172
364573,6173
364579,6173
364583,6173
364587,6173
364590,6173
364610,6173
364614,6173
364617,6173
364594,6174
364601,6174
364611,6174
364584,6175
364586,6175
364591,6175
364598,6175
364605,6175
364606,6175
364582,6176
364581,6177
364595,6177
364603,6177
364575,6178
364576,6178
364577,6178
364578,6178
364588,6178
364589,6178
364599,6178
364602,6178
364613,6178
364616,6178
364592,6179
364597,6179
364623,6180
364624,6180
364632,6180
364633,6180
364635,6180
364622,6181
364628,6181
364629,6181
364634,6181
364619,6183
364621,6183
364626,6183
364627,6183
364642,6185
364649,6185
364651,6185
364661,6185
364664,6185
364669,6185
364655,6186
364656,6186
364673,6186
364638,6187
364665,6187
364668,6187
364637,6188
364648,6188
364650,6188
364662,6188
364663,6188
364674,6188
364639,6189
364644,6189
364645,6189
364671,6190
364672,6190
364641,6191
364647,6191
364652,6191
364657,6191
364659,6191
364636,6192
364653,6192
364658,6192
364670,6192
364643,6193
364646,6193
364654,6193
364640,6194
364660,6194
364666,6194
364667,6194
364677,6195
364678,6195
364681,6195
364686,6195
364687,6195
364682,6196
364692,6197
364693,6197
364694,6197
364689,6198
364690,6198
364700,6198
364701,6198
364695,6199
364696,6199
364697,6199
364704,6200
364706,6200
364710,6200
364703,6201
364711,6201
364712,6201
364705,6202
364707,6202
364708,6202
364709,6202
364713,6203
364714,6203
364715,6203
364718,6203
364719,6203
364720,6203
364722,6203
366577,6203
364716,6204
364717,6204
364721,6204
364723,6204
364724,6204
364727,6205
364732,6205
364733,6205
364737,6205
364731,6206
364734,6206
364743,6206
364725,6207
364730,6207
364735,6207
364741,6207
364756,6207
364729,6208
364726,6209
364728,6209
364738,6209
364740,6209
364746,6210
364748,6210
364752,6210
364749,6211
364751,6211
364747,6212
364755,6212
364745,6213
364750,6213
364753,6213
364754,6213
364760,6214
364766,6215
364769,6215
364772,6216
364773,6216
364774,6216
364775,6216
364776,6216
364777,6216
364778,6216
364780,6217
364782,6217
364781,6218
364783,6218
364784,6218
364785,6218
364786,6219
364789,6220
364787,6221
364797,6221
364799,6221
364803,6221
364791,6222
364804,6222
364790,6223
364794,6223
364805,6223
364792,6224
364796,6224
364800,6224
364788,6225
364793,6225
364795,6225
364798,6225
364801,6225
364802,6225
364806,6226
364809,6226
364811,6226
364808,6227
364816,6228
364819,6228
364821,6228
364822,6228
364823,6228
364825,6228
364839,6228
364815,6229
364826,6229
364837,6229
370000,6229
364812,6230
364814,6230
364817,6230
364820,6230
364824,6230
364829,6230
364830,6230
364831,6230
364832,6230
364834,6230
364838,6230
364813,6231
364818,6231
364827,6231
364828,6231
364833,6231
364835,6231
364836,6231
364841,6232
364844,6232
364840,6234
364843,6234
364845,6234
364842,6235
364846,6235
365590,6235
365595,6235
364867,6239
364863,6240
364864,6240
364865,6240
364866,6240
364868,6241
364870,6241
364871,6242
364869,6244
364872,6244
364873,6244
364878,6245
364881,6245
364875,6246
364876,6247
364877,6247
364879,6247
364880,6247
364883,6247
364884,6247
364874,6248
364882,6248
364887,6249
364890,6249
364891,6249
364892,6249
364893,6249
364894,6249
364895,6249
364885,6251
364886,6252
364888,6252
364889,6252
364900,6253
366294,6253
364897,6254
364899,6254
364901,6254
368724,6254
368727,6254
364896,6255
364898,6255
364904,6255
364905,6255
364902,6256
364903,6256
368733,6256
364906,6257
364911,6257
364913,6257
364915,6257
364919,6257
364917,6258
366228,6258
366229,6258
364907,6259
364909,6259
364920,6259
364908,6260
364914,6260
364916,6260
364922,6260
364910,6261
364912,6261
364918,6261
364921,6261
364923,6262
364924,6262
364930,6262
364933,6262
364935,6262
364925,6263
364932,6264
364926,6265
364929,6265
364934,6265
364927,6266
364928,6266
364936,6266
375417,6266
375604,6266
364941,6267
364942,6267
364943,6267
364947,6267
364938,6268
364939,6268
364940,6268
364944,6268
364945,6268
364946,6268
364951,6268
366241,6268
366245,6268
366247,6268
364937,6269
364948,6269
364949,6269
364950,6269
364954,6270
364955,6270
364957,6270
364960,6270
364952,6271
364953,6271
364956,6271
364958,6271
364959,6271
370471,6271
364970,6272
364974,6272
364975,6272
364976,6272
366001,6272
364978,6273
364965,6274
364966,6274
364967,6274
364973,6274
364980,6274
364981,6274
366039,6274
364964,6275
364968,6275
364969,6275
364972,6275
364979,6275
364971,6276
364977,6276
364985,6277
364988,6277
364989,6277
368874,6277
364986,6279
365938,6279
365940,6279
365962,6279
381940,6279
364982,6280
364983,6280
364990,6280
364991,6280
381939,6280
364993,6281
364994,6281
364998,6281
365001,6281
365003,6281
365006,6281
365007,6281
364997,6282
364992,6283
364995,6283
364996,6283
364999,6283
365000,6283
365002,6283
365004,6283
365005,6283
365010,6284
365014,6284
370429,6284
365008,6285
365009,6285
365013,6285
365015,6285
365016,6285
365011,6286
365012,6286
365017,6287
365018,6288
365019,6288
365020,6288
365021,6288
365022,6289
365023,6289
365024,6289
365025,6289
365029,6289
370933,6289
365026,6290
365027,6290
365028,6290
365030,6291
365031,6292
365032,6292
365033,6292
365034,6293
365035,6293
368907,6293
368910,6294
368915,6294
368918,6294
368921,6294
368925,6294
368929,6294
365036,6295
365037,6295
365039,6296
365042,6296
365043,6296
365044,6296
365046,6296
365040,6297
365041,6297
365045,6297
365047,6297
365048,6297
365049,6297
365051,6298
365052,6298
365053,6298
365054,6298
365055,6299
365056,6299
365058,6300
365057,6301
365059,6301
365060,6301
365061,6301
365062,6301
365068,6302
365082,6302
365087,6302
365089,6302
365090,6303
365070,6304
365078,6304
365093,6304
365066,6305
365092,6305
365095,6305
375282,6305
365064,6306
365072,6306
365067,6307
365071,6307
365073,6307
365076,6307
365083,6307
365065,6308
365074,6308
365077,6308
365081,6308
365084,6308
365098,6308
365099,6308
372579,6308
365063,6309
365086,6309
372568,6309
372573,6309
365069,6310
365079,6310
365088,6310
365091,6310
365094,6310
365096,6310
365075,6311
365080,6311
365085,6311
365097,6311
365102,6312
366863,6312
369058,6312
365136,6313
365106,6314
365116,6314
365121,6314
365145,6314
365119,6316
365147,6316
365112,6317
365113,6317
365126,6317
365129,6317
365133,6317
365140,6317
365103,6318
365120,6318
365142,6318
365110,6319
365117,6319
365135,6319
365149,6319
365105,6320
365115,6320
365128,6320
365144,6320
365100,6321
365141,6321
365107,6322
365114,6322
365131,6322
365137,6322
365138,6322
365139,6322
365151,6322
365108,6323
365123,6323
365148,6323
365150,6323
365104,6324
365127,6324
365124,6325
365109,6326
365118,6326
365125,6326
365134,6326
365143,6326
365111,6327
365122,6327
365146,6327
365101,6328
365130,6328
365132,6328
365156,6329
365153,6330
365152,6331
376116,6331
376429,6331
376939,6331
377203,6331
365154,6332
365155,6332
365159,6333
365158,6334
365160,6334
365161,6334
365163,6334
365164,6334
365157,6335
365162,6335
365165,6336
365166,6336
365167,6336
365168,6336
365169,6336
365170,6336
365171,6336
365173,6338
365179,6338
365181,6338
365183,6338
365185,6338
365176,6339
365182,6339
365180,6340
369554,6340
369560,6340
369583,6340
365172,6341
365174,6341
365175,6341
365177,6341
365178,6341
365184,6341
365186,6341
365193,6342
365197,6342
365191,6343
365196,6344
365198,6344
365194,6345
365192,6346
365195,6346
365199,6347
365200,6347
365213,6348
365223,6348
365215,6349
370860,6349
370869,6349
365201,6350
365221,6350
365205,6351
365210,6351
365218,6351
365231,6351
365216,6352
365217,6352
365222,6352
365225,6352
365226,6352
365228,6352
365211,6353
365214,6353
365219,6353
365229,6353
365230,6353
365204,6354
370863,6354
370865,6354
370873,6354
370877,6354
370878,6354
365202,6355
365206,6355
365207,6355
365208,6355
365220,6355
365212,6356
366415,6356
366420,6356
365203,6357
365209,6357
365224,6357
365227,6357
365237,6358
365238,6358
365240,6358
365241,6358
365248,6359
365249,6360
365251,6360
365233,6361
365236,6361
365239,6361
365243,6361
365232,6362
365244,6363
365245,6363
365246,6363
365250,6363
365234,6364
365235,6364
365242,6364
365247,6364
365252,6364
365261,6365
365271,6365
365265,6366
365269,6366
365253,6367
365259,6367
365260,6367
365262,6367
365267,6367
365270,6367
365266,6368
365254,6369
365255,6369
365256,6369
365257,6369
365258,6369
365263,6369
365264,6369
365268,6369
365284,6370
365272,6371
365274,6371
365275,6371
365285,6371
365278,6372
365279,6372
365282,6372
365273,6373
365288,6374
365291,6374
365292,6374
365287,6375
365289,6375
365290,6376
365345,6376
365286,6377
365296,6379
365297,6379
365298,6379
365299,6379
365300,6379
365304,6380
365310,6380
365311,6380
365312,6380
365314,6380
365315,6380
365316,6380
365301,6381
365303,6381
365305,6381
365306,6381
365307,6381
365308,6382
365313,6382
365302,6383
365309,6383
365317,6383
367787,6383
365324,6384
365326,6384
365327,6384
365335,6384
369605,6384
365319,6385
365320,6385
365325,6385
365328,6385
365329,6385
365330,6385
365334,6385
365333,6386
365331,6387
365318,6388
365321,6388
365322,6388
365323,6388
365332,6388
365336,6388
365338,6389
365339,6389
365340,6389
365342,6389
365344,6389
365337,6390
365341,6391
365343,6391
365346,6392
365347,6392
365348,6392
365349,6392
365351,6392
365350,6393
365352,6394
365360,6395
365354,6396
365357,6396
365358,6396
365361,6397
365362,6397
365364,6397
365356,6398
365359,6398
365363,6398
365365,6398
365366,6398
365368,6398
365355,6399
373754,6399
365369,6400
365371,6400
365372,6400
365375,6400
365376,6400
365377,6400
365378,6401
365370,6402
365373,6402
365374,6402
365379,6403
365380,6403
365381,6403
365385,6403
365386,6403
365388,6403
365389,6403
365383,6404
365384,6404
365387,6404
365390,6404
365391,6404
365392,6404
367113,6404
367298,6404
367470,6404
367565,6404
367723,6404
365382,6405
365394,6406
365396,6406
365398,6406
365400,6406
365402,6406
365403,6406
365406,6406
365407,6406
365395,6407
365397,6407
365399,6407
365401,6407
365415,6408
365408,6409
365411,6409
365412,6409
365414,6409
365418,6409
365410,6410
365416,6410
365417,6410
365409,6411
365413,6411
365421,6412
365425,6412
365420,6413
365422,6413
365423,6413
365419,6414
365424,6414
365426,6414
365430,6415
365431,6415
365433,6415
365427,6416
365429,6416
365434,6416
365435,6416
365428,6417
365432,6417
365436,6418
365437,6418
365438,6418
365440,6418
365441,6418
365439,6419
365444,6420
365442,6421
365443,6421
365447,6422
365448,6422
365446,6423
365452,6423
365456,6423
365457,6423
365445,6424
365449,6424
365450,6424
365451,6424
365453,6424
365454,6424
365455,6424
365458,6425
365474,6425
365462,6426
365463,6426
365466,6426
365469,6426
365470,6426
365471,6426
365473,6426
365459,6427
365461,6427
365464,6427
365465,6427
365472,6427
365460,6428
365467,6428
365468,6428
365475,6429
365482,6429
365483,6429
365485,6429
365476,6430
365478,6430
365477,6431
365479,6431
365480,6431
365481,6431
365484,6431
365487,6432
365493,6432
365491,6433
365486,6434
365488,6434
365489,6434
365490,6434
365492,6434
365499,6435
365494,6436
365495,6436
365496,6436
365497,6436
365498,6436
365501,6437
365502,6438
365503,6438
365504,6438
365509,6438
365511,6438
365516,6438
365507,6439
365510,6439
365512,6439
366083,6439
365500,6440
365517,6441
365523,6441
365527,6441
365518,6442
365522,6442
365520,6443
365526,6443
365528,6443
365519,6444
365521,6444
365524,6444
365525,6444
365529,6445
365531,6445
365534,6445
365535,6445
365537,6445
365540,6445
365543,6445
365530,6446
365533,6446
365539,6446
365541,6446
365542,6446
365532,6447
365536,6447
365538,6447
365544,6448
365545,6448
366773,6448
366775,6448
365550,6449
365551,6449
365554,6449
365556,6449
365547,6450
365548,6450
365553,6450
365546,6451
365549,6451
365552,6451
365555,6451
365557,6451
365561,6452
365566,6452
365567,6452
365569,6452
365558,6453
365560,6453
365564,6453
365565,6453
365570,6453
365572,6453
365559,6454
365562,6454
365563,6454
365568,6454
365571,6454
365576,6455
365579,6455
365580,6455
365573,6456
365574,6456
365575,6456
365577,6456
365578,6456
365581,6456
365582,6456
365583,6457
365586,6457
365589,6457
365596,6457
365597,6457
365602,6457
365588,6458
365591,6458
365598,6458
365600,6458
365584,6459
365587,6459
365592,6459
365594,6459
365585,6460
365593,6460
365599,6460
365601,6460
365604,6461
365607,6461
365603,6462
365605,6462
365606,6462
365611,6465
365612,6465
365614,6465
365615,6465
365608,6466
365609,6466
365610,6466
365613,6466
365630,6467
365633,6467
365627,6468
365618,6469
365621,6469
365622,6469
365623,6470
365624,6470
365626,6470
365617,6471
365625,6471
365619,6472
365620,6472
365628,6472
365629,6472
365631,6472
365616,6473
365632,6473
365635,6474
365636,6474
365637,6474
365639,6474
365634,6475
365638,6475
365640,6475
365645,6476
365643,6477
365644,6477
365641,6479
368779,6479
365642,6480
365646,6480
365647,6480
365648,6480
365650,6481
365655,6481
365656,6481
365657,6481
365660,6481
365649,6482
365653,6482
365658,6482
365659,6482
365651,6483
365652,6483
365654,6483
365669,6484
365661,6485
365667,6485
365672,6485
365664,6486
365665,6486
365666,6486
365675,6486
365678,6486
365662,6487
365663,6487
365668,6487
365670,6487
365679,6487
366306,6488
366311,6488
366314,6488
366324,6488
365671,6489
365673,6489
365674,6489
365676,6489
365677,6489
365680,6490
365681,6490
365683,6490
365686,6490
365687,6490
365689,6490
365685,6491
365682,6492
365684,6492
365688,6492
365691,6493
365693,6494
365695,6494
365696,6494
365697,6494
365699,6494
365714,6496
365719,6496
365720,6496
365721,6497
365733,6498
365708,6499
365712,6499
365716,6499
365726,6499
365730,6500
365710,6501
365722,6501
365705,6502
365707,6502
365711,6502
365717,6502
365728,6502
365738,6502
365715,6503
365727,6503
365729,6503
365734,6503
365740,6503
365704,6504
365706,6504
365713,6504
365731,6504
365709,6505
365724,6505
365725,6505
365735,6505
365736,6505
365703,6506
365718,6506
365723,6506
365732,6506
365737,6506
365739,6506
365743,6507
365744,6507
365746,6507
365747,6507
365748,6507
365741,6508
365742,6508
365745,6508
365749,6508
365750,6508
365751,6509
365757,6511
365758,6511
365767,6511
365770,6511
365765,6512
365768,6512
365769,6512
365771,6512
365756,6513
365762,6513
365766,6513
365772,6513
365774,6513
365755,6514
365760,6514
365761,6514
365763,6514
365764,6514
365759,6515
365773,6515
365775,6515
365785,6516
365789,6516
365791,6516
374561,6516
365787,6517
368510,6517
365792,6518
368786,6518
365776,6519
365782,6519
365783,6519
365784,6519
365777,6520
365778,6520
365779,6520
365780,6520
365781,6520
365786,6520
365788,6520
365790,6520
365794,6521
365796,6521
365798,6521
365793,6522
365797,6522
365795,6523
365804,6524
365809,6524
369773,6524
365803,6525
365805,6525
365806,6525
365811,6525
365812,6525
369852,6525
365802,6526
365807,6526
365808,6526
365810,6526
365813,6527
365815,6527
365817,6528
365821,6528
365823,6528
365824,6528
365826,6528
365828,6528
365820,6529
365825,6529
365816,6530
365818,6530
365819,6530
365822,6530
365827,6530
372851,6530
372852,6530
365838,6531
365844,6531
365856,6531
365860,6531
365867,6531
365879,6531
365834,6532
365836,6532
365841,6532
365859,6532
365872,6532
365874,6532
365837,6533
365857,6533
365881,6533
365882,6533
365842,6534
365853,6534
365878,6534
368109,6534
365870,6535
365832,6536
365845,6536
365849,6536
365852,6536
365855,6537
365864,6537
365868,6537
365871,6537
365873,6538
365884,6538
368101,6538
365830,6539
365850,6539
365876,6539
365866,6540
365869,6540
365848,6541
365851,6541
365865,6541
365877,6541
365829,6542
365843,6542
365861,6542
365875,6542
365833,6543
365846,6543
365854,6543
365858,6543
365840,6544
365880,6544
365835,6545
365839,6545
365847,6545
365883,6545
365831,6546
365862,6546
365863,6546
370090,6546
365885,6547
365886,6547
365887,6547
365888,6547
365889,6547
365890,6547
365891,6548
365897,6548
365898,6548
365906,6548
365912,6548
365921,6548
365923,6548
365899,6549
365903,6549
365904,6549
365910,6549
365915,6549
365927,6549
365896,6550
365892,6551
365909,6551
365911,6551
365917,6551
365918,6551
365924,6551
365907,6552
365913,6552
365916,6552
365926,6552
365928,6552
365893,6553
365895,6553
365914,6553
365919,6553
365929,6553
365901,6554
365894,6555
365900,6555
365920,6555
365925,6555
365908,6556
365902,6557
365905,6557
370983,6557
371007,6557
371017,6557
371024,6557
371034,6557
366032,6558
366057,6558
365993,6559
366003,6559
366040,6559
365959,6560
365966,6560
366037,6560
365939,6561
365958,6561
365990,6561
366030,6561
366053,6561
366019,6562
365963,6563
365971,6563
366035,6563
366041,6563
366049,6563
366005,6564
366015,6565
366026,6565
366002,6566
365970,6567
366021,6567
365965,6568
365977,6568
365994,6568
366025,6568
366029,6569
365943,6570
365945,6570
365953,6570
366016,6570
366031,6571
365961,6572
365974,6573
365987,6573
365998,6573
366011,6573
365952,6574
365972,6574
365957,6575
365964,6575
365982,6575
365997,6575
366022,6575
371077,6575
365975,6576
366047,6576
365948,6577
365979,6577
366010,6577
365967,6578
365984,6578
365944,6579
365973,6579
366004,6579
366046,6579
366056,6579
365954,6580
366008,6580
366050,6580
365968,6581
366051,6581
365988,6582
366038,6582
366042,6582
365980,6583
366007,6583
366044,6584
366052,6584
371746,6584
371751,6584
371763,6584
365941,6585
365989,6585
365999,6586
365951,6587
365985,6587
366034,6587
370886,6587
365978,6588
365981,6588
365991,6588
365995,6588
366023,6588
366045,6588
366018,6589
366028,6589
365986,6590
365992,6591
365942,6592
365947,6592
366000,6592
366014,6592
366009,6593
366013,6593
366017,6593
366048,6593
366006,6594
366027,6594
365969,6595
367112,6595
367721,6595
365976,6596
366043,6596
366058,6596
366033,6597
365955,6598
366036,6598
365983,6599
366020,6599
365949,6600
365950,6600
365960,6600
366012,6600
366024,6600
366055,6600
392235,6600
366066,6601
366069,6602
366068,6603
366062,6604
366060,6605
366061,6605
366067,6605
366070,6605
366072,6606
366073,6606
366074,6606
366075,6606
366076,6606
366077,6607
366079,6607
366082,6607
366080,6608
366084,6609
366085,6609
366092,6609
366094,6609
366108,6609
366086,6610
366087,6610
366090,6610
366091,6610
366097,6610
366101,6610
366106,6610
366100,6611
366107,6611
369714,6611
369722,6611
369727,6611
366089,6612
366095,6612
366099,6612
366111,6613
366104,6614
366093,6615
366098,6615
366102,6615
366103,6615
366110,6615
366105,6616
366109,6616
366088,6617
366096,6617
366114,6618
371093,6618
366112,6619
366113,6619
366115,6619
366117,6620
366116,6621
366118,6621
366119,6621
366120,6621
366121,6621
366122,6621
366123,6621
366124,6621
366138,6622
366143,6622
366133,6623
366134,6623
366132,6624
366126,6625
366128,6625
366135,6625
366139,6625
366142,6625
366125,6626
366127,6626
366130,6626
366131,6626
366141,6626
367109,6626
366144,6627
366149,6627
366152,6627
366150,6628
366151,6628
366154,6628
366155,6628
366156,6628
366147,6629
366145,6630
366146,6630
366148,6630
366153,6630
366157,6630
366170,6631
366159,6632
366160,6632
366168,6632
366172,6632
366175,6632
366177,6632
366185,6632
368778,6632
366162,6633
366173,6633
366187,6633
368777,6633
366158,6634
366164,6634
366174,6634
366181,6634
366188,6634
366189,6634
366186,6635
366161,6636
366166,6636
366171,6636
366176,6636
366180,6636
366184,6636
366183,6637
366163,6638
366165,6638
366178,6638
366190,6638
366167,6639
366169,6639
366179,6639
366182,6639
366193,6640
366194,6640
366199,6640
369514,6640
369516,6640
369517,6640
369520,6640
369521,6640
366191,6641
366195,6642
366196,6642
366192,6643
366197,6643
366198,6643
366203,6644
366204,6644
366200,6645
366202,6645
366205,6645
366206,6646
366201,6647
366207,6647
366208,6647
366209,6648
366210,6648
366211,6650
366212,6650
366213,6650
366214,6650
366215,6650
366217,6651
366219,6651
366216,6652
366220,6652
366218,6653
366226,6654
366221,6655
366223,6655
366227,6655
366224,6656
366225,6656
366222,6657
366234,6658
366236,6658
366237,6658
366240,6659
366230,6660
366231,6660
366232,6660
366233,6660
366235,6660
366238,6660
366239,6660
366248,6661
366246,6662
366242,6663
366243,6663
366249,6663
366250,6663
366244,6664
368617,6664
366257,6665
366945,6665
366259,6666
366273,6666
366275,6666
366261,6667
366268,6667
366269,6667
366253,6668
366255,6669
366270,6669
368635,6669
366251,6670
366263,6670
366271,6670
366276,6670
366258,6671
366262,6671
366264,6671
368650,6671
375418,6671
366272,6672
366274,6672
366252,6673
366265,6673
366267,6673
366254,6674
366256,6674
366266,6675
366277,6676
366280,6676
366287,6676
366291,6676
366278,6677
366281,6677
366283,6677
366289,6678
368602,6678
368616,6678
366288,6679
366279,6680
366282,6680
366284,6680
366285,6680
366286,6680
366290,6680
366295,6681
366298,6681
366302,6681
366305,6681
366297,6682
366299,6682
368729,6682
366292,6683
366300,6683
366301,6683
366303,6683
366304,6683
366293,6684
366296,6684
368725,6684
368735,6684
368736,6684
366322,6685
366320,6686
366307,6687
366308,6687
366313,6687
366317,6687
366318,6687
366321,6687
366323,6687
366325,6687
366309,6688
366312,6688
366316,6688
366310,6689
366315,6689
366319,6689
366327,6690
366329,6690
366335,6690
366337,6690
366326,6691
366336,6691
374355,6691
366333,6692
366328,6693
366330,6693
366332,6693
366338,6693
374347,6693
366331,6694
366334,6695
366340,6696
366341,6696
366342,6696
366344,6696
366351,6697
366346,6698
366355,6698
366359,6698
366360,6698
366350,6699
366352,6699
366353,6701
366356,6701
366357,6702
366358,6702
366347,6703
366348,6703
366349,6703
366354,6703
366361,6703
366363,6704
366364,6704
366380,6705
366368,6706
366370,6706
366371,6706
366374,6708
366382,6708
366365,6709
366366,6709
366367,6709
366372,6709
366375,6709
366376,6709
366377,6709
366379,6709
366373,6710
366381,6710
366362,6711
366369,6711
366378,6711
366541,6711
366991,6712
366383,6713
366386,6713
366388,6713
366397,6713
366401,6713
366387,6714
366389,6714
367158,6714
366385,6715
366392,6715
366396,6715
366398,6715
366399,6715
366400,6715
366393,6716
366384,6717
366390,6717
366391,6717
366394,6717
366395,6717
366402,6718
366404,6718
368203,6719
368207,6719
366411,6720
366407,6721
366405,6722
366408,6722
366410,6722
366417,6722
366418,6722
366419,6722
366406,6723
366409,6723
366414,6723
366412,6724
366413,6724
366416,6725
366422,6726
366423,6726
366424,6726
366426,6726
366428,6726
366421,6727
366425,6727
366429,6727
366430,6727
366431,6727
366427,6728
366436,6729
366437,6729
366433,6730
366435,6730
368279,6730
368280,6730
366442,6731
366460,6731
366469,6731
366443,6732
366444,6732
366449,6732
366454,6732
366456,6733
366464,6733
366446,6734
366459,6734
366470,6734
366441,6735
366445,6735
366450,6735
366453,6735
366458,6735
366461,6735
366462,6735
366463,6735
366468,6735
366447,6736
366455,6736
366457,6736
366466,6736
366439,6737
366448,6737
366438,6738
366451,6738
366452,6738
366465,6738
366467,6738
366440,6739
366472,6740
366473,6740
366474,6740
366471,6741
366475,6741
366476,6741
366477,6741
366478,6741
366479,6742
366480,6742
366485,6743
366491,6743
367746,6743
366481,6744
366482,6744
366484,6744
366486,6744
366487,6744
366488,6744
366489,6744
366490,6744
366503,6745
366505,6745
366507,6745
366509,6745
366510,6745
366513,6745
366514,6745
366516,6745
366519,6745
366521,6745
366494,6746
366495,6746
366493,6747
366496,6747
366502,6747
366511,6747
366518,6747
366522,6747
366499,6748
366501,6748
366508,6748
366520,6748
366506,6749
367425,6749
367626,6749
367633,6749
366498,6750
366500,6750
366497,6751
368823,6751
366492,6752
366504,6752
366512,6752
366515,6752
366517,6752
366525,6753
366524,6754
366531,6754
366526,6755
366528,6755
366529,6755
366523,6756
366530,6756
366527,6757
366532,6757
366533,6758
366534,6758
366535,6758
366537,6758
366539,6758
366538,6759
366540,6759
366542,6760
366543,6760
366545,6760
366546,6760
366547,6760
366548,6760
366549,6760
366550,6760
366544,6761
366551,6763
366553,6763
366554,6763
366555,6763
366556,6764
366557,6764
366560,6764
366571,6764
366575,6764
366565,6765
366568,6765
366573,6765
366559,6766
366576,6766
366561,6768
366562,6768
366563,6768
366569,6768
366570,6768
366558,6769
366564,6769
366572,6769
366574,6769
366578,6770
366579,6770
366580,6770
366609,6771
366592,6772
366602,6772
366600,6773
366588,6774
366596,6774
366599,6774
366603,6774
366604,6774
366605,6774
366606,6774
366608,6774
366589,6775
366581,6776
366583,6776
366585,6776
366586,6776
366593,6776
366595,6776
366597,6776
366598,6776
366584,6777
366590,6777
366601,6777
366699,6777
366582,6778
366587,6778
366591,6778
366594,6778
366607,6778
366610,6778
366615,6779
366622,6779
366617,6780
366618,6780
366621,6780
366620,6781
366611,6782
366619,6782
376398,6782
376838,6782
376892,6782
366613,6783
366623,6783
366630,6783
366625,6784
366626,6784
366627,6785
366631,6786
366632,6786
366634,6786
366636,6786
366638,6786
366640,6786
366641,6786
366633,6787
366635,6787
366637,6787
366639,6787
375888,6787
396456,6787
396457,6787
366642,6788
366643,6788
366644,6788
366649,6788
366650,6788
366647,6789
366648,6789
366667,6789
366793,6789
366646,6790
366645,6791
366651,6791
366653,6792
374550,6792
374551,6792
374566,6792
374569,6792
366652,6793
366654,6793
366655,6793
366656,6793
366657,6793
366663,6794
366664,6794
366666,6794
366665,6795
366658,6796
367212,6797
367236,6797
367351,6797
367663,6797
367696,6797
366659,6798
366660,6798
366661,6798
366662,6798
366669,6799
366668,6800
366670,6800
366671,6800
366677,6801
366678,6801
366681,6801
366682,6801
366685,6801
366686,6801
366688,6801
366690,6801
366673,6802
366676,6802
366679,6802
366680,6802
366687,6802
366689,6802
366692,6802
366693,6802
366695,6802
366672,6803
366674,6803
366675,6803
366683,6803
366684,6803
366691,6803
366694,6803
371901,6803
366696,6804
366697,6804
366698,6804
366700,6805
366703,6805
366702,6806
366701,6807
366704,6807
366705,6807
366706,6807
366707,6808
366710,6808
366708,6809
366709,6810
366715,6811
366739,6811
366717,6812
366725,6812
366728,6812
366729,6812
366737,6812
366720,6813
366724,6813
366723,6814
366726,6814
366738,6814
366822,6814
370088,6814
370089,6814
366713,6815
366714,6815
366716,6815
366718,6815
366732,6815
366735,6817
366736,6817
366711,6818
366722,6818
366727,6818
366733,6818
366734,6818
366712,6819
366719,6819
366721,6819
366730,6819
366731,6819
366753,6820
366758,6820
366749,6821
366743,6822
366746,6822
366752,6822
366757,6822
366762,6822
366768,6822
366761,6823
366740,6824
366745,6824
366747,6824
366750,6824
366751,6824
366755,6824
366765,6824
366741,6825
366759,6825
366764,6825
366742,6826
366744,6826
366748,6826
366754,6826
366756,6826
366760,6826
366766,6826
366767,6826
366769,6827
366770,6827
366771,6827
366777,6827
366778,6827
366772,6828
366774,6828
366776,6828
366779,6828
366780,6828
366781,6828
366782,6828
366783,6828
366791,6829
366792,6829
366784,6830
366785,6830
366787,6830
366788,6830
366790,6830
366786,6831
366789,6831
366796,6832
366801,6832
366802,6833
366794,6834
366795,6834
366797,6834
366798,6834
366799,6834
366800,6834
366803,6835
366807,6835
366806,6836
366808,6836
366810,6836
366811,6836
366812,6836
366814,6836
366809,6837
366813,6837
366815,6837
366804,6838
366805,6838
366816,6838
366827,6839
368082,6839
368083,6839
368084,6839
366817,6840
366819,6841
366820,6841
366821,6841
368068,6841
366818,6842
366823,6843
366824,6843
366825,6843
366826,6843
366828,6844
366829,6844
366830,6844
366831,6845
366832,6845
366833,6845
366837,6846
366839,6846
366920,6846
366924,6846
366958,6846
366977,6846
367049,6846
366903,6847
366959,6847
366972,6847
366981,6847
366999,6847
366846,6848
366851,6848
367000,6848
366928,6849
366864,6850
366877,6850
367023,6851
367040,6852
366871,6853
366961,6853
366937,6854
366967,6855
367009,6855
367045,6855
366834,6856
366872,6856
366918,6856
366939,6856
366947,6856
367028,6856
366930,6857
369253,6857
366854,6858
366995,6859
366955,6860
366901,6861
366911,6861
366888,6862
366891,6862
366914,6862
366946,6862
366966,6862
367011,6862
366929,6863
367019,6863
367033,6863
366836,6864
366866,6864
366948,6864
366975,6864
366993,6864
367041,6864
366870,6865
366942,6865
366869,6866
366876,6866
366880,6866
366933,6866
366956,6866
366970,6866
367046,6866
366857,6867
366905,6867
367022,6867
367044,6868
366852,6869
367027,6869
366973,6870
367007,6871
367017,6871
366943,6872
367736,6872
371072,6872
371079,6872
366968,6873
366997,6873
367039,6873
366849,6874
366906,6874
366910,6874
366954,6874
366983,6874
367014,6874
367021,6874
367042,6874
366894,6875
366899,6875
366912,6875
366957,6875
366840,6876
366895,6876
366931,6876
366969,6876
366875,6877
366988,6877
366856,6878
366884,6878
367003,6878
366873,6879
366893,6879
367013,6879
367048,6879
366909,6880
366971,6880
366986,6880
367035,6880
369251,6880
369259,6880
371475,6880
367008,6881
367030,6881
366878,6882
366919,6882
366848,6883
366847,6884
367018,6884
367031,6884
367037,6884
374854,6884
366844,6885
366845,6885
366900,6885
366980,6885
367004,6885
366941,6886
366835,6887
366917,6887
366949,6887
366978,6887
366987,6887
366938,6888
366940,6888
366965,6888
367032,6888
366882,6889
367001,6889
367005,6889
366883,6890
366923,6890
366962,6890
366964,6890
367029,6890
366860,6891
366985,6891
367012,6891
367015,6891
367034,6891
366853,6892
366896,6892
366935,6892
366950,6892
367010,6892
366907,6893
366908,6893
366963,6893
366889,6894
366921,6894
366976,6894
366990,6894
366994,6894
367026,6894
366850,6895
366842,6896
366887,6896
366979,6896
366984,6896
367025,6896
368048,6896
366865,6897
366892,6897
366913,6897
366926,6897
372838,6897
372845,6897
366867,6898
366881,6898
366904,6898
366916,6898
366922,6898
366953,6898
366841,6899
366855,6899
366902,6899
366974,6899
367024,6899
367036,6899
366890,6900
366936,6900
366932,6901
366952,6901
366862,6902
366897,6902
366925,6902
366927,6902
366951,6902
366989,6902
366838,6903
366858,6903
366879,6903
366915,6903
366934,6903
367006,6903
366843,6904
366859,6904
366885,6904
367020,6904
366861,6905
366886,6905
366944,6905
366992,6905
366998,6905
367038,6905
366874,6906
366898,6906
366960,6906
366982,6906
366996,6906
367002,6906
367016,6906
367043,6906
367047,6906
367077,6907
367184,6907
367300,6907
367410,6907
367513,6907
367596,6908
367346,6909
367653,6909
367659,6909
375438,6909
375442,6909
375444,6909
367616,6910
367295,6911
367430,6911
367489,6911
367518,6911
367709,6911
367762,6911
384515,6911
367052,6912
367071,6912
367529,6912
367571,6913
367086,6914
367273,6914
367492,6914
367631,6914
367183,6916
367281,6916
367335,6916
367735,6916
367412,6917
367452,6917
367467,6917
367525,6917
367603,6917
367622,6917
367667,6917
367185,6918
367186,6918
367227,6918
367330,6918
367456,6918
367679,6918
367685,6918
367062,6919
367325,6919
367358,6919
367487,6919
367682,6919
367720,6919
367218,6920
367366,6920
367446,6920
367584,6920
367671,6920
367070,6921
367221,6921
367385,6921
367491,6921
367536,6921
367551,6921
371768,6922
367149,6923
367173,6923
367370,6923
367611,6923
367718,6924
367177,6925
367471,6925
367535,6925
368221,6925
367080,6926
367708,6926
369291,6926
367316,6927
367372,6927
367382,6927
367509,6927
367629,6927
367098,6928
367401,6928
367638,6928
369290,6928
367111,6929
367282,6929
367558,6929
367128,6930
367266,6930
367327,6930
367419,6930
367593,6931
367362,6932
367681,6932
367285,6933
367292,6933
367322,6933
367338,6933
367477,6933
367625,6933
367648,6933
367500,6934
367169,6935
367288,6935
367605,6935
367727,6935
367106,6936
367140,6936
367555,6936
367566,6936
367066,6937
367134,6937
367154,6937
367188,6937
367243,6937
367408,6937
367472,6937
367484,6937
367814,6938
367826,6938
367830,6938
367833,6938
367215,6939
367075,6940
367118,6940
367126,6940
367355,6940
367520,6940
367658,6940
372467,6940
367171,6941
367396,6941
367091,6942
367142,6942
367495,6942
367579,6942
367317,6943
367332,6943
367486,6943
367539,6943
367700,6943
367344,6944
367589,6944
367668,6944
367678,6944
367201,6945
367450,6945
367309,6946
367473,6946
367637,6946
367734,6946
367270,6947
367101,6948
367232,6948
367336,6948
367374,6948
367524,6948
367528,6948
367728,6948
367257,6950
367572,6950
374440,6950
367256,6951
367387,6951
367394,6951
367642,6951
367724,6951
367050,6952
367233,6952
367268,6952
367443,6952
367576,6952
367073,6953
367152,6953
367706,6953
367174,6954
367204,6954
367689,6954
367083,6955
367198,6955
367277,6955
367299,6955
367397,6955
367669,6955
367715,6955
367737,6955
367087,6956
367291,6956
367357,6956
367451,6956
367512,6956
367155,6958
367161,6958
367634,6958
367692,6958
367278,6959
367469,6959
367255,6961
367499,6961
367564,6961
367474,6962
367613,6962
367168,6963
367428,6963
367533,6963
367590,6964
367122,6965
367331,6965
367664,6965
367303,6966
367527,6966
367172,6967
367205,6967
367248,6967
367356,6967
367388,6967
367442,6967
367496,6967
367214,6968
367269,6968
367289,6969
367334,6969
367559,6969
367567,6969
367208,6970
367308,6970
367139,6971
367813,6971
367820,6971
367834,6971
367835,6971
367264,6972
367440,6972
367497,6972
367125,6973
367704,6973
367365,6974
367420,6974
367643,6974
368956,6974
367287,6975
367297,6975
367713,6975
367378,6976
367386,6976
367532,6976
367347,6977
367511,6977
367547,6978
367618,6978
367624,6978
367054,6979
367508,6979
367552,6979
367563,6979
367729,6979
367178,6980
367219,6980
367148,6981
367222,6981
367530,6981
367680,6981
367063,6982
367265,6982
367340,6982
367375,6983
367271,6984
367301,6984
367392,6984
367478,6984
367211,6985
371799,6985
371801,6985
367088,6987
367147,6987
367521,6987
367545,6987
367683,6987
367194,6988
367196,6988
367280,6988
367364,6988
367627,6988
367608,6989
367072,6990
367094,6990
367102,6990
367251,6990
367462,6990
367479,6990
367726,6990
367390,6991
367406,6991
367458,6991
367569,6991
367595,6991
367192,6992
367150,6994
367550,6994
367141,6995
367160,6995
367320,6995
367405,6995
367434,6995
367599,6995
367722,6995
367189,6996
367371,6996
367464,6996
367296,6997
367673,6997
367707,6997
367274,6998
367537,6998
367582,6998
367583,6998
367694,6998
367153,6999
367244,6999
367438,6999
367441,6999
367459,6999
367104,7000
367176,7000
367345,7000
367363,7000
367641,7000
367085,7002
367115,7002
367127,7002
367237,7002
367588,7002
367081,7003
367213,7003
367195,7004
367482,7004
367488,7004
367560,7004
367090,7005
367449,7005
367457,7005
371247,7005
371262,7005
367650,7006
367229,7007
367258,7007
367318,7007
367503,7007
367133,7008
367628,7008
367383,7009
367426,7009
367610,7009
367702,7010
367193,7011
367293,7011
367380,7011
367636,7011
367399,7012
367404,7012
367444,7012
367501,7012
367156,7013
367353,7013
367549,7013
367132,7014
367312,7014
367360,7014
367431,7014
367609,7014
367661,7014
367687,7014
367695,7014
367096,7015
367247,7015
367620,7015
367182,7016
367242,7016
367623,7016
367699,7016
367703,7016
367717,7016
367585,7017
367619,7017
367675,7017
367738,7017
367416,7018
367463,7018
367639,7018
367199,7019
367517,7019
367662,7019
367302,7020
367714,7020
367164,7021
367686,7021
367373,7022
367505,7022
367060,7023
367267,7023
367646,7023
369254,7023
367078,7024
367323,7024
367542,7024
367279,7025
367319,7025
367575,7025
367604,7026
367460,7027
367515,7027
367415,7028
367543,7028
367607,7028
367651,7029
367674,7029
367180,7030
367554,7030
368797,7030
368801,7030
368806,7030
367165,7031
367231,7031
367860,7031
367067,7032
367131,7032
367202,7032
367234,7032
367136,7033
367253,7033
367411,7033
367652,7033
367672,7033
367712,7033
367051,7034
367114,7034
367315,7034
367519,7034
367538,7034
367644,7034
367711,7034
369092,7034
369097,7034
367553,7035
367146,7036
367466,7036
369927,7036
369937,7036
367157,7037
367377,7037
367400,7037
367570,7037
367719,7037
367632,7038
367068,7039
367084,7039
367448,7039
368938,7039
368958,7039
367059,7040
367286,7040
367348,7040
367389,7040
367454,7040
367117,7041
367089,7042
367162,7042
367250,7042
367252,7042
367465,7042
372494,7042
367053,7043
367210,7043
367523,7043
367540,7043
367578,7043
367061,7044
367676,7044
371712,7044
371713,7044
371716,7044
371721,7044
367391,7045
367439,7045
367123,7046
367645,7046
367069,7047
367137,7047
367197,7047
367203,7047
367307,7047
367311,7048
367144,7049
367245,7049
367254,7049
367324,7049
367329,7049
367617,7049
367649,7049
367655,7049
367666,7049
367654,7050
367130,7051
367220,7051
367230,7051
367361,7051
367376,7051
367522,7051
367055,7052
367306,7052
367310,7052
367395,7052
367534,7053
367684,7053
367058,7054
367065,7054
367716,7054
367328,7055
367368,7055
367381,7055
367407,7055
367437,7055
367730,7055
367369,7056
367577,7056
367594,7056
367056,7057
367516,7057
367544,7057
367557,7057
367660,7057
367095,7058
367510,7058
367615,7058
367384,7059
367367,7060
367690,7062
367138,7063
367259,7063
367455,7063
367701,7063
367190,7064
367240,7064
367333,7064
367339,7064
367461,7064
367163,7065
367732,7065
367200,7066
367314,7066
367476,7066
367304,7067
367143,7068
367592,7068
367697,7068
367733,7068
367135,7069
367074,7070
367216,7070
367313,7070
367414,7070
367249,7071
367447,7072
367079,7073
367417,7073
367502,7073
367621,7073
367647,7073
367822,7074
367832,7074
367187,7075
367275,7075
367352,7075
367421,7075
367731,7075
367121,7076
367124,7076
367181,7076
367209,7076
367284,7076
367398,7076
367640,7076
367705,7076
367677,7077
367548,7079
367568,7079
367064,7080
367541,7080
367635,7080
367294,7081
367349,7081
367614,7081
367092,7082
367321,7082
367506,7082
367657,7082
367226,7083
367235,7083
367241,7083
367105,7084
367159,7084
367341,7084
367413,7084
367422,7084
367429,7084
367630,7084
367507,7085
367228,7086
367481,7087
367586,7087
367191,7088
367225,7088
367483,7088
367409,7089
367393,7090
367082,7091
367261,7092
367424,7092
367691,7092
367693,7092
367343,7093
367207,7094
367342,7094
367485,7094
367573,7094
367238,7095
367354,7095
367504,7095
367120,7096
367145,7096
367490,7096
367581,7096
367175,7097
367262,7097
367337,7098
370434,7098
370435,7098
370436,7098
370437,7098
370438,7098
367179,7100
367580,7100
367688,7100
367076,7101
367097,7101
367246,7101
367305,7101
367326,7101
367656,7101
367263,7102
367359,7102
367423,7102
367427,7102
367432,7102
367598,7102
367151,7103
367494,7103
367562,7103
367725,7103
367453,7104
367107,7106
367239,7107
367260,7108
367514,7108
367403,7109
367418,7109
367433,7109
367480,7109
367119,7110
367170,7110
367587,7110
367665,7110
367224,7111
367110,7112
367272,7112
367290,7112
367601,7112
367093,7113
367099,7113
367166,7113
367223,7113
367379,7113
367402,7113
367435,7113
367445,7113
367526,7113
367612,7113
367103,7114
367217,7114
367436,7114
367531,7114
367493,7115
367556,7115
367116,7116
367276,7116
367283,7116
367350,7116
367468,7116
367597,7116
371767,7116
367744,7117
367750,7117
367740,7118
367742,7118
367751,7118
367743,7119
367754,7119
367765,7120
367769,7120
367763,7121
367759,7122
367764,7123
367772,7123
367757,7124
367758,7124
367767,7124
367771,7124
367776,7124
367777,7124
367761,7125
367766,7125
367773,7126
367760,7127
367770,7127
367774,7127
367775,7127
367781,7128
367800,7128
367809,7128
367783,7129
367788,7129
367806,7129
367779,7130
367785,7130
367786,7130
367789,7130
367790,7130
367798,7130
367805,7130
370459,7130
367802,7131
367803,7131
367792,7132
367794,7132
367811,7133
367784,7134
367793,7134
367796,7134
367797,7134
367801,7134
367808,7134
367780,7135
367782,7135
367799,7135
367804,7135
367795,7136
367810,7136
367807,7137
367815,7138
367817,7138
367821,7138
367827,7138
367828,7138
367829,7138
367831,7138
367836,7138
367823,7139
377307,7139
367816,7140
367818,7140
367819,7141
367825,7141
367812,7142
367844,7143
367867,7143
367872,7143
367841,7144
367864,7144
367871,7144
367842,7145
367845,7145
367848,7145
367849,7145
367866,7145
367839,7146
367851,7146
367853,7146
367858,7146
367863,7146
367868,7146
367840,7147
367843,7147
367850,7147
367857,7147
367859,7147
367865,7147
367869,7147
367870,7147
372813,7147
367854,7148
367856,7148
367861,7148
367838,7149
367855,7149
367862,7149
367847,7150
372812,7150
367837,7151
367852,7151
367846,7152
367873,7152
367892,7153
367893,7153
367880,7154
367882,7154
367894,7154
367905,7154
367906,7154
367891,7155
367874,7156
367881,7156
367889,7156
367908,7156
367909,7156
367883,7157
367896,7157
367898,7157
367900,7157
367901,7157
367878,7158
367879,7158
367884,7158
367897,7158
367912,7158
367876,7159
367885,7159
367887,7159
367895,7159
367910,7159
367913,7159
367877,7160
367886,7160
367888,7160
367899,7160
367904,7160
367890,7161
367902,7161
367903,7161
367907,7161
367911,7161
367875,7162
367914,7163
367916,7163
367922,7163
367934,7163
372749,7163
367926,7164
367920,7165
367925,7165
367915,7166
367917,7166
367921,7166
367924,7166
367928,7166
367930,7166
367932,7166
367933,7166
367918,7167
367919,7167
367923,7167
367929,7167
367931,7167
367935,7167
367942,7168
367943,7168
367947,7168
367950,7168
367953,7168
367954,7168
367949,7169
367944,7170
367951,7170
367939,7171
367946,7171
367948,7171
367936,7172
367938,7172
367940,7172
367941,7172
367945,7172
367952,7172
367959,7173
367960,7173
367965,7173
367956,7174
367957,7174
367958,7174
367962,7174
367963,7174
367966,7174
367969,7174
367970,7174
367971,7174
367955,7175
367961,7175
367964,7175
367967,7175
367968,7175
367979,7176
367983,7176
367988,7176
368001,7176
368009,7176
368012,7176
367972,7177
367974,7177
367977,7177
368017,7177
368020,7177
367973,7178
367986,7178
367995,7178
368006,7178
368013,7178
368015,7178
367976,7179
368005,7179
367980,7180
367993,7181
368003,7181
368014,7181
368016,7181
368021,7181
367978,7182
367981,7182
367985,7182
367989,7182
367991,7182
368022,7182
367990,7183
367992,7183
367994,7183
367997,7183
367999,7183
368000,7183
368002,7183
368007,7183
368010,7183
368018,7183
367975,7184
367982,7184
367998,7184
368011,7184
367984,7185
367987,7185
367996,7185
368008,7185
368019,7185
368028,7186
368031,7186
368039,7186
368035,7187
368023,7188
368024,7188
368025,7188
368027,7188
368029,7188
368032,7188
368033,7188
368034,7188
368037,7188
368038,7188
368040,7188
368026,7189
368036,7189
368030,7190
368041,7191
368044,7191
368053,7191
368058,7191
368063,7191
368064,7191
368049,7192
368052,7192
368059,7192
368062,7192
368045,7193
368046,7193
368057,7193
368060,7193
368047,7194
368051,7194
368055,7194
368056,7194
368061,7194
368072,7195
368074,7195
368079,7195
368091,7195
368065,7196
368070,7196
368071,7196
368077,7196
368081,7196
368085,7197
368066,7198
368069,7198
368073,7198
368075,7198
368078,7198
368080,7198
368090,7198
368067,7199
368076,7199
368086,7199
368087,7199
368088,7199
368089,7199
368096,7200
371802,7200
368092,7201
368098,7201
368093,7202
368094,7202
368095,7202
368097,7202
368099,7202
368106,7203
368107,7203
368112,7203
368115,7203
368116,7203
368100,7204
368102,7204
368105,7204
368108,7204
368111,7204
368103,7205
368104,7206
368110,7206
368114,7206
370087,7206
368113,7207
368118,7208
368134,7208
368133,7209
368119,7210
368129,7210
368130,7210
368131,7210
368135,7210
368137,7210
368143,7210
368147,7210
370735,7210
368122,7211
368132,7211
368128,7212
368145,7212
368139,7213
368140,7213
368117,7214
368121,7214
368123,7214
368136,7214
368138,7214
368141,7214
368146,7214
368125,7215
368126,7215
368127,7215
368142,7215
368144,7215
368120,7216
368124,7216
368151,7217
368152,7217
368156,7217
368157,7217
368149,7218
368150,7218
368155,7218
368158,7218
368148,7219
368153,7219
368154,7219
368162,7220
368164,7220
368169,7220
368165,7221
368167,7221
368160,7222
368163,7222
368170,7222
368159,7223
368161,7223
368166,7223
368168,7223
368171,7223
368172,7223
368192,7224
368193,7224
368177,7225
368183,7225
368187,7225
368194,7225
368195,7225
368196,7225
368179,7226
368180,7226
368182,7226
368188,7226
368190,7226
368181,7227
368185,7227
368189,7227
368198,7227
368173,7228
368174,7228
368175,7228
368184,7228
368191,7228
368178,7229
368186,7229
368176,7230
368197,7230
368205,7231
368208,7231
368209,7231
368214,7231
368213,7232
368215,7232
368200,7233
372991,7233
373017,7233
373024,7233
368210,7234
368211,7234
373042,7234
368202,7235
368204,7235
368212,7235
368199,7236
368201,7237
368206,7237
368220,7238
368242,7238
368249,7238
368250,7238
368254,7238
368261,7238
368268,7238
368271,7238
373131,7238
373157,7238
368228,7239
368260,7239
368255,7240
368217,7241
368230,7241
368237,7241
368245,7241
368247,7241
368263,7241
368273,7241
368231,7242
368232,7242
368256,7242
368234,7243
370935,7243
368276,7244
368243,7245
368252,7246
368241,7247
368262,7247
368266,7247
368267,7247
368233,7248
368251,7248
368253,7248
368265,7248
370550,7248
368269,7249
368222,7250
368223,7250
368246,7250
368248,7250
368219,7251
368244,7251
370573,7251
368226,7252
368257,7252
368270,7252
368259,7253
368272,7253
368235,7254
368239,7254
368240,7254
368224,7255
368275,7255
368218,7256
368229,7256
368236,7256
368274,7256
368216,7257
368238,7257
368258,7257
368264,7257
368227,7258
370567,7258
370588,7258
376655,7258
368225,7259
368281,7261
368283,7261
368278,7262
368282,7262
368284,7262
368277,7263
368285,7265
368287,7265
368288,7265
368291,7265
368292,7265
368295,7265
368296,7265
368297,7265
368298,7265
368290,7266
368286,7267
368289,7267
368294,7267
371970,7268
368303,7269
368312,7269
368316,7269
368317,7269
368321,7269
368301,7270
368305,7270
368306,7270
368308,7270
368309,7270
368310,7270
368311,7270
368315,7270
368318,7270
368299,7271
368300,7271
368307,7271
368313,7271
368319,7271
368320,7271
368323,7272
368341,7272
368322,7273
368324,7273
368325,7273
368326,7273
368327,7273
368342,7273
368339,7274
368330,7275
368331,7275
368336,7275
368337,7275
368340,7276
368343,7276
368328,7277
368329,7277
368332,7277
368333,7277
368334,7277
368335,7277
368338,7277
368345,7278
368377,7278
368350,7279
368352,7279
368353,7279
368389,7279
368361,7280
368363,7280
368369,7280
368371,7280
368380,7280
368346,7281
368351,7281
368362,7281
368365,7281
368366,7281
368375,7282
368386,7282
368391,7282
368393,7282
368357,7283
368372,7283
368382,7283
368390,7283
368348,7284
368359,7284
368360,7284
368344,7285
368373,7285
368381,7285
368387,7285
368388,7285
368370,7286
368378,7286
368379,7286
368356,7287
368367,7287
368376,7287
368395,7287
368347,7288
368364,7288
368383,7288
368358,7289
368392,7289
368394,7289
368349,7290
368354,7290
368355,7290
368374,7290
368384,7290
368385,7290
368398,7292
368402,7292
368409,7292
368410,7292
368419,7292
368397,7293
368399,7293
368401,7293
368407,7293
368416,7293
368417,7294
368400,7296
368404,7296
368396,7297
368403,7297
368408,7297
368411,7297
368415,7297
368418,7297
368420,7297
368405,7298
368406,7298
368412,7298
368413,7298
368414,7298
368424,7299
368426,7299
368429,7299
368422,7300
368431,7300
368421,7301
368423,7301
368425,7301
368427,7301
368430,7301
368428,7302
368434,7303
368438,7303
371213,7303
371218,7303
368432,7304
368435,7304
368437,7304
368439,7304
368441,7304
368433,7305
368436,7305
368440,7305
368461,7306
368445,7307
368447,7307
368453,7307
368463,7307
368464,7307
368443,7308
368460,7308
368444,7309
368448,7309
368450,7309
368451,7309
368455,7309
368456,7309
368465,7309
368466,7309
368442,7310
368449,7310
368458,7310
368459,7310
368462,7310
368452,7311
368446,7312
368454,7312
368457,7312
368467,7313
368475,7313
368480,7313
368481,7313
368488,7313
368473,7314
368486,7314
368494,7314
368468,7315
368469,7315
368470,7315
368493,7315
368478,7316
368484,7316
368489,7316
368490,7316
368492,7316
368471,7317
368472,7317
368474,7317
368476,7317
368479,7317
368482,7317
368483,7317
368485,7317
368491,7317
368477,7318
368487,7318
368505,7319
368508,7319
368499,7320
368507,7320
368501,7321
368498,7322
368500,7322
368509,7322
368511,7322
368512,7322
368497,7323
368502,7323
368503,7323
368504,7323
368506,7323
368495,7324
368496,7324
368519,7325
368539,7325
368538,7326
368546,7326
375277,7326
375285,7326
368520,7327
368521,7327
368531,7327
368537,7327
368540,7327
368543,7327
368514,7328
368525,7328
368529,7328
368530,7328
368556,7328
368513,7329
368557,7329
368544,7330
368526,7331
368533,7331
368534,7331
368551,7331
368552,7331
368553,7331
368516,7332
368524,7332
368528,7332
368548,7332
368518,7333
368536,7333
368541,7333
375267,7334
375300,7334
368527,7335
368532,7335
368542,7335
368545,7335
368547,7335
368555,7335
368535,7336
368550,7336
368554,7336
368515,7337
368517,7337
368522,7337
368523,7337
368549,7337
368595,7338
368559,7339
368615,7339
368561,7340
368570,7340
368573,7340
368579,7340
368586,7340
368597,7340
368563,7341
368585,7341
368589,7341
368611,7341
368613,7341
368618,7341
368560,7342
368564,7342
368603,7342
368576,7343
368582,7343
368598,7343
368601,7343
368606,7343
368558,7344
373735,7344
373751,7344
368580,7345
368587,7345
368588,7345
368599,7345
368605,7345
368608,7345
368562,7346
368578,7346
368614,7347
368575,7348
368567,7349
368574,7349
368572,7350
368593,7350
368600,7350
368604,7350
368607,7350
368610,7350
368581,7351
368592,7351
368565,7352
368566,7352
368571,7352
368568,7353
368590,7353
368591,7353
368594,7353
368612,7353
368569,7354
368577,7354
368583,7354
368584,7354
368596,7354
368609,7354
368619,7355
368638,7355
368620,7356
368634,7356
368645,7356
368649,7356
368637,7357
371663,7357
368626,7358
368628,7358
368632,7358
368642,7358
368644,7358
368648,7358
368623,7359
368631,7359
368641,7359
368643,7359
368647,7359
368622,7360
368624,7360
368630,7360
368633,7360
368639,7360
368640,7360
368646,7360
368621,7361
368625,7361
368627,7361
368629,7361
368636,7361
368660,7362
368667,7362
368671,7362
368656,7363
368668,7363
368665,7364
368674,7364
368652,7365
368654,7365
368655,7365
368663,7365
368664,7365
368672,7365
368673,7365
368675,7365
368651,7366
368653,7366
368657,7366
368658,7366
368661,7366
368662,7366
368666,7366
368669,7366
368670,7366
368659,7367
368682,7368
368676,7369
368677,7369
368678,7369
368680,7369
368681,7369
368679,7370
368686,7371
368687,7372
368688,7372
368691,7372
368692,7372
370469,7372
371800,7372
368683,7373
368684,7373
368689,7373
370476,7373
368685,7374
368690,7374
368693,7374
371839,7374
368695,7375
368699,7375
368703,7375
368701,7376
368704,7376
368696,7377
371898,7377
368694,7378
368697,7378
368698,7378
368700,7378
368702,7378
368705,7379
368706,7379
368713,7379
368721,7379
368707,7380
368711,7380
368718,7380
368720,7380
368708,7381
368712,7381
368716,7381
368717,7381
368709,7382
368710,7382
368714,7382
368715,7382
368719,7382
368723,7383
368730,7383
368731,7384
368734,7385
368722,7386
368726,7386
368728,7386
368732,7386
368737,7387
368739,7388
368738,7389
368741,7390
368746,7390
368742,7391
368749,7391
368752,7391
368754,7391
368755,7391
368743,7392
368745,7392
368748,7392
368750,7392
368753,7392
368756,7392
368740,7393
368744,7393
368747,7393
368751,7393
370482,7393
370490,7393
370506,7393
370932,7393
368757,7394
368762,7394
368758,7395
368759,7395
368760,7395
368761,7395
368765,7396
368764,7397
368766,7397
368767,7397
368768,7397
368769,7397
368772,7397
368763,7398
368770,7398
368771,7398
368773,7399
368775,7399
368776,7399
368774,7400
368780,7401
368791,7402
368782,7403
368787,7404
368789,7404
368790,7404
368781,7405
368783,7405
368784,7405
368785,7405
368788,7405
368793,7406
368795,7406
368798,7406
368802,7407
370887,7407
368794,7408
368800,7408
368809,7408
368810,7409
368792,7410
368807,7411
368799,7412
368812,7412
368803,7413
368805,7413
368808,7413
368811,7413
368796,7414
368804,7414
368813,7415
368815,7416
368816,7416
368825,7416
368828,7416
368814,7417
368821,7419
368824,7419
368826,7419
368827,7419
370380,7419
370382,7419
370388,7419
368817,7420
374864,7420
368818,7421
368822,7421
370378,7421
370379,7421
370381,7421
370386,7421
370390,7421
370391,7421
368819,7422
368820,7422
371329,7422
371349,7422
374842,7422
374853,7422
374865,7422
368829,7423
368830,7423
368832,7423
368833,7423
368831,7424
368834,7424
368835,7425
368843,7425
368845,7425
368846,7425
368836,7426
368841,7427
368842,7427
368840,7428
368847,7428
368839,7429
368849,7429
368837,7430
368848,7430
368850,7430
368838,7431
368844,7431
368858,7432
368851,7433
368854,7433
368855,7433
368856,7433
368857,7433
368859,7433
368852,7434
368853,7434
368860,7434
368861,7434
368862,7434
368869,7435
368863,7436
368864,7436
368865,7436
368866,7436
368867,7436
368868,7436
371747,7437
368871,7438
381938,7438
368870,7439
368872,7439
368873,7439
368875,7439
368888,7440
368905,7440
368887,7441
368892,7441
368898,7441
368877,7442
368900,7442
368885,7443
368890,7443
368893,7443
368896,7443
368906,7443
368878,7444
368879,7444
368880,7444
368883,7444
368886,7444
368899,7444
368901,7444
368902,7444
368904,7444
368876,7445
368882,7445
368891,7445
368895,7445
368909,7445
368881,7446
368884,7446
368894,7446
368897,7446
368908,7446
368930,7447
368927,7448
368911,7449
368913,7449
368912,7450
368914,7450
368916,7450
368917,7450
368920,7450
368928,7450
369839,7451
369862,7451
369903,7451
369954,7451
368919,7452
368922,7452
368923,7452
368924,7452
368926,7452
368931,7453
368932,7453
368933,7453
368934,7453
368935,7453
368936,7453
368937,7453
368959,7454
368939,7455
368941,7456
368945,7456
368948,7456
368957,7456
370410,7456
368950,7457
368954,7457
368940,7458
368943,7458
368944,7458
368946,7458
368947,7458
368949,7459
368953,7459
368952,7460
368942,7461
368951,7461
368955,7461
368995,7462
368965,7463
368979,7463
370724,7463
371906,7463
375508,7463
368960,7464
368961,7464
368962,7464
368972,7464
368973,7464
368976,7464
368984,7464
368986,7464
368992,7464
368982,7465
368993,7465
368971,7466
368975,7466
368969,7467
368968,7468
368987,7468
368990,7468
368991,7468
368966,7469
368970,7469
368983,7469
370824,7469
370827,7469
368994,7470
368988,7471
368963,7472
368964,7472
368974,7472
368977,7472
368985,7472
368989,7472
368996,7473
368997,7473
369004,7473
369000,7474
375637,7474
368998,7475
369001,7475
369003,7475
368999,7476
369002,7476
369005,7477
369007,7477
369008,7477
369010,7477
369012,7477
369006,7478
369009,7478
369011,7478
369013,7479
369014,7479
369015,7479
369019,7480
369021,7480
369028,7480
369031,7480
369033,7480
369036,7480
369018,7481
369022,7481
369025,7481
369032,7481
369034,7481
369037,7481
369017,7482
369039,7482
369020,7483
369023,7484
369024,7484
369029,7484
369030,7484
369016,7485
369026,7485
369027,7485
369035,7485
369038,7485
369040,7485
369044,7487
369049,7487
369051,7487
369041,7488
369042,7488
369046,7488
369047,7488
369052,7488
369056,7488
369045,7489
369048,7489
369050,7489
369053,7489
369055,7489
369043,7490
369054,7490
369063,7491
369065,7491
369067,7491
369068,7491
369059,7493
369061,7493
369066,7493
370936,7494
369057,7495
369060,7496
369062,7496
369064,7496
369069,7496
369070,7497
369071,7497
369072,7497
369073,7497
369074,7497
369075,7498
369078,7498
369079,7498
369080,7498
369081,7498
369082,7498
369083,7498
369076,7499
369077,7499
377448,7499
377485,7499
369085,7500
369087,7500
369089,7500
369095,7500
369084,7501
369091,7501
369096,7501
371132,7501
369088,7502
369090,7502
369094,7502
371127,7502
371130,7502
381656,7502
369100,7503
369103,7503
369105,7503
369099,7504
382553,7504
369098,7505
369106,7505
382600,7505
369101,7506
369102,7506
369104,7506
369107,7506
369108,7507
369113,7507
369116,7507
369117,7507
369118,7507
369110,7508
369115,7508
369121,7508
369122,7508
369112,7509
369119,7509
369127,7510
369129,7511
369157,7511
369167,7511
369168,7511
369146,7512
369132,7513
369164,7513
369149,7514
369165,7514
369173,7514
369135,7515
369138,7515
369139,7515
369131,7516
369162,7516
369147,7517
369831,7517
369891,7517
369900,7517
369133,7518
369150,7518
369172,7518
369142,7519
369148,7519
369154,7519
369125,7520
369130,7520
369134,7520
369153,7520
369170,7520
369171,7520
369124,7521
369136,7521
369144,7521
369126,7522
369128,7522
369140,7522
369151,7522
369152,7522
369155,7522
369156,7522
369161,7522
369141,7523
369145,7524
369163,7524
369166,7524
369160,7525
369143,7526
369158,7526
369177,7527
369179,7527
369178,7528
369174,7529
369175,7529
369180,7529
369181,7529
369183,7529
371905,7529
371928,7529
371940,7529
369176,7530
369182,7530
369184,7530
371971,7530
369190,7531
369199,7531
369200,7531
369187,7532
369188,7532
369193,7533
369194,7533
369197,7533
369203,7533
369204,7533
369189,7534
369191,7534
369192,7534
369196,7534
369201,7534
369202,7534
369185,7535
369186,7535
369195,7535
369198,7535
369209,7536
369211,7536
369212,7536
369214,7536
369208,7537
369210,7537
369206,7538
369207,7538
369205,7539
369213,7539
369837,7539
369215,7540
369218,7540
369223,7540
372200,7540
372203,7540
372206,7540
369217,7541
369222,7541
371617,7541
369216,7542
369219,7542
369221,7542
369224,7542
369225,7542
369227,7542
369220,7543
369226,7543
369230,7544
369234,7544
369240,7544
369247,7544
369229,7545
369233,7545
369241,7545
369243,7545
369238,7546
369239,7546
369244,7547
369248,7548
369250,7548
369231,7549
369232,7549
369235,7549
369237,7549
369242,7549
369246,7549
369228,7550
369236,7550
369245,7550
369249,7550
369252,7551
371454,7551
369255,7552
369258,7552
370454,7552
369256,7553
369257,7553
369266,7554
382611,7554
369260,7555
369262,7555
369263,7555
369264,7555
369269,7555
369270,7555
382522,7555
369268,7556
382534,7556
369261,7557
369265,7557
369267,7557
369271,7557
369272,7558
369273,7558
369274,7558
369280,7559
369281,7559
369286,7559
369287,7559
382431,7559
382443,7559
382445,7559
369278,7560
369283,7560
369275,7561
369276,7561
369277,7561
369279,7561
369282,7561
369284,7561
369285,7561
369293,7562
369296,7562
369298,7562
369503,7562
369294,7563
369292,7564
369300,7564
369297,7565
369289,7566
369288,7567
369295,7567
369299,7567
369302,7569
369309,7570
369324,7570
369329,7570
369331,7570
369306,7571
369317,7571
369322,7571
369325,7571
369327,7571
369301,7572
369305,7572
369311,7572
369332,7572
369314,7573
369318,7573
369321,7573
369328,7573
369304,7574
369312,7575
369313,7575
369323,7575
369326,7575
369308,7576
369315,7576
369307,7577
369310,7577
369316,7577
369320,7577
369330,7577
369333,7577
369303,7578
369319,7578
369341,7579
369342,7579
369334,7580
369335,7580
369338,7580
369339,7580
369336,7581
369337,7581
369340,7581
369347,7582
369362,7583
369364,7583
369365,7585
369345,7586
369350,7586
369352,7586
369355,7586
369356,7586
369357,7587
369358,7587
369359,7587
369360,7587
369366,7587
376346,7587
377132,7587
369351,7588
369354,7588
369363,7588
369361,7589
369367,7590
369368,7590
369369,7590
369388,7591
369398,7591
369406,7591
369420,7591
369373,7592
369380,7592
369411,7592
369395,7593
369416,7593
369418,7593
369427,7593
369399,7595
369407,7595
369409,7595
369423,7595
369383,7596
369376,7597
369394,7597
369417,7597
369374,7598
369413,7598
369414,7598
369382,7599
369391,7599
369401,7599
369421,7599
369371,7600
369381,7600
369393,7600
369408,7600
369422,7600
369378,7601
369387,7601
369389,7602
369415,7602
373049,7602
373052,7602
373124,7602
369375,7603
369384,7603
369392,7603
369403,7603
369405,7603
369412,7604
369385,7605
369372,7606
369390,7606
369402,7606
369419,7606
369424,7606
369379,7607
369386,7607
369400,7607
369370,7608
369397,7608
369410,7608
369428,7608
369429,7608
369396,7609
370223,7609
370225,7609
370236,7609
370260,7609
369377,7610
369404,7610
369425,7610
369426,7610
369437,7611
369444,7611
369430,7612
369436,7613
369447,7613
369449,7613
369431,7614
369432,7614
369435,7614
369443,7614
369448,7614
369450,7614
369434,7615
369439,7615
369451,7615
369440,7616
369445,7616
369446,7616
369453,7616
369456,7616
369433,7617
369438,7617
369441,7617
369442,7617
369452,7617
369454,7617
369455,7617
369481,7618
369482,7618
369484,7618
369461,7619
369478,7619
369483,7619
369459,7620
369469,7620
369470,7620
369468,7621
369475,7621
369457,7622
369460,7622
369463,7622
369465,7622
369467,7622
369471,7622
369479,7622
369472,7623
369480,7623
369458,7624
369466,7624
369473,7624
369474,7624
369476,7624
369464,7625
369477,7625
369462,7626
369486,7627
369491,7627
369498,7627
369501,7627
369490,7628
369492,7628
369494,7628
369495,7628
369500,7628
369489,7629
369493,7630
369502,7630
369487,7631
369496,7631
369497,7631
369499,7631
369485,7632
369488,7632
369504,7633
369506,7633
369509,7633
369512,7633
369507,7634
369508,7634
369511,7634
371468,7634
369505,7635
369510,7635
369513,7635
369515,7637
369518,7637
369519,7637
369523,7638
369527,7638
369543,7638
369548,7638
369545,7639
369551,7639
369557,7639
369578,7639
369586,7639
369587,7639
369529,7640
369558,7640
369562,7640
369563,7640
369568,7640
369556,7641
369573,7641
369582,7641
370852,7641
370858,7641
369540,7642
369544,7642
369566,7642
369572,7642
369575,7642
369763,7642
369536,7643
369565,7643
369584,7644
369528,7645
369532,7645
369550,7645
369561,7645
369571,7645
369579,7645
369522,7646
369533,7646
369576,7647
369577,7647
369525,7648
369569,7648
370855,7648
370859,7648
369535,7649
369541,7649
369570,7649
369539,7650
369555,7650
369567,7650
369574,7650
369580,7650
369524,7651
369530,7651
369542,7651
369547,7651
369553,7651
369552,7652
369526,7653
369531,7653
369537,7653
369538,7653
369559,7653
369534,7654
369546,7654
369549,7654
369564,7654
369581,7654
369585,7654
369599,7655
369589,7656
369591,7656
369596,7656
369612,7656
369593,7657
369594,7657
369610,7657
369601,7658
369611,7659
376245,7659
376832,7659
369590,7660
369588,7661
369592,7661
369597,7661
369598,7661
369600,7661
369604,7661
369609,7661
369613,7661
369602,7662
369603,7662
369607,7662
369608,7662
369628,7663
370317,7663
369615,7664
369619,7664
369620,7664
369614,7665
369621,7665
369626,7665
369631,7665
369632,7665
369633,7665
369636,7665
369618,7666
369622,7666
369624,7666
369630,7666
369616,7667
369623,7668
371938,7668
369625,7669
369627,7669
369637,7669
369617,7670
369629,7670
369634,7670
369635,7670
369653,7671
369639,7672
369649,7673
369681,7673
369685,7673
369651,7674
369666,7674
369643,7675
369655,7675
369658,7675
369695,7675
369680,7676
369638,7677
369645,7678
369678,7678
369689,7678
369704,7678
369669,7679
369673,7679
369675,7679
369688,7680
369708,7680
369662,7681
369664,7681
369701,7681
369703,7681
369706,7681
369707,7681
369955,7681
369661,7682
369694,7682
369854,7682
369659,7683
369660,7683
369693,7683
369698,7683
369641,7684
369648,7684
369671,7684
369677,7684
369683,7684
369697,7684
369705,7684
369690,7685
369657,7686
369665,7686
369667,7686
369687,7686
369709,7686
369647,7687
369654,7687
369668,7687
369699,7687
369710,7687
369642,7688
369646,7688
369656,7688
369663,7688
369670,7688
369692,7688
369700,7688
369686,7689
369691,7689
369812,7689
369644,7690
369650,7690
369676,7690
369679,7690
369682,7690
369684,7690
369640,7691
369652,7691
369672,7691
369674,7691
369696,7691
369702,7691
369719,7692
369720,7692
369721,7692
369723,7692
369713,7693
369726,7693
369728,7693
369896,7693
369718,7694
369711,7695
369712,7695
369715,7695
369716,7695
369717,7695
369724,7695
369725,7695
369730,7697
369740,7697
369741,7697
369744,7697
369732,7698
369734,7698
369742,7698
369729,7699
369733,7699
369736,7699
369739,7699
369735,7700
369738,7702
369743,7702
369745,7702
369731,7703
369737,7703
369757,7704
369746,7705
369748,7705
369750,7705
369759,7705
369749,7706
369751,7706
369755,7706
369756,7707
376381,7707
376695,7707
376868,7707
369752,7708
376087,7708
376535,7708
376823,7708
376907,7708
376924,7708
376931,7708
369747,7709
369753,7709
369754,7709
369758,7709
369890,7710
371164,7710
371165,7710
371167,7710
371168,7710
371170,7710
372255,7710
369834,7711
369904,7711
369915,7711
369917,7711
369794,7712
369828,7712
369860,7713
369912,7714
369910,7715
369933,7715
369951,7715
369784,7716
369785,7716
369791,7716
369835,7716
369877,7716
369929,7716
369780,7717
369815,7717
369760,7718
369868,7718
369939,7718
369766,7719
369775,7719
369830,7719
369883,7719
369926,7719
369762,7720
369790,7720
369875,7720
369879,7720
369894,7720
369930,7720
369953,7720
369806,7721
369872,7721
369923,7721
369950,7721
369833,7722
369935,7722
369793,7724
369836,7724
369949,7724
369768,7725
369824,7725
369849,7725
369886,7725
369880,7726
369855,7727
369856,7727
369869,7727
369921,7727
369777,7728
369779,7728
369820,7728
369853,7728
369858,7728
369876,7728
369931,7728
369789,7729
369909,7729
369914,7729
374649,7729
369928,7730
369907,7731
369920,7731
369934,7731
369811,7732
369947,7732
369809,7733
369825,7733
369761,7734
369865,7734
369870,7734
369885,7734
369901,7734
369818,7735
369799,7736
369817,7737
369787,7739
369847,7739
369956,7739
369767,7740
369948,7740
371043,7740
371048,7740
369781,7741
369813,7741
369844,7742
369765,7743
369770,7743
369821,7743
369850,7743
369919,7743
369796,7744
369798,7744
369827,7744
369857,7744
369924,7744
371873,7744
369803,7745
369859,7745
369867,7745
369826,7746
369846,7746
369863,7747
369943,7747
369945,7747
369823,7748
369866,7748
369889,7748
369906,7748
369804,7749
369895,7749
369938,7750
369807,7751
369851,7751
369861,7751
369881,7751
369898,7751
369913,7751
369764,7752
369899,7752
369925,7752
369816,7754
369841,7754
369788,7755
369792,7755
369802,7755
369795,7756
369829,7756
369822,7757
369932,7757
369782,7758
369783,7759
369897,7759
369778,7760
369838,7760
369911,7760
369941,7760
369843,7761
369864,7761
369884,7761
369918,7761
369840,7762
369874,7762
369888,7762
369902,7762
369940,7762
369769,7763
369776,7763
369801,7763
369819,7763
369832,7763
369842,7763
369873,7763
369882,7763
369942,7763
369944,7763
369800,7764
369814,7764
369936,7764
379412,7764
379807,7764
379886,7764
380127,7764
380501,7764
380885,7764
369772,7765
369871,7765
369905,7765
369848,7766
369887,7766
369922,7766
369957,7766
369797,7767
369878,7767
369892,7767
369908,7767
369946,7767
371385,7767
371386,7767
371389,7767
369786,7768
369805,7768
369808,7768
369961,7770
369975,7770
369984,7770
369964,7771
369995,7771
369974,7772
369976,7772
369978,7772
369959,7773
369968,7773
369983,7773
369991,7773
369963,7774
369965,7774
369981,7774
369988,7774
369989,7774
369990,7774
369967,7775
373939,7775
373941,7775
374004,7775
374007,7775
369969,7776
369970,7776
369958,7777
373180,7777
373183,7777
373228,7777
369971,7778
369977,7778
371738,7778
369960,7779
373757,7779
373774,7779
373794,7779
378884,7779
378885,7779
378890,7779
369972,7780
369987,7780
373769,7780
369985,7781
369966,7782
369980,7782
369992,7782
369994,7782
369973,7783
369979,7783
369986,7783
369982,7784
369993,7784
371727,7784
371729,7784
371731,7784
371736,7784
369962,7785
370001,7786
370002,7786
369996,7787
369997,7787
369998,7787
369999,7787
370003,7787
370004,7787
370005,7787
370006,7789
370007,7789
370008,7789
370009,7789
370010,7789
372535,7789
370014,7790
370016,7790
370017,7790
370019,7790
370012,7791
370015,7791
370022,7791
370011,7792
370013,7792
370020,7792
370021,7792
370023,7792
370029,7793
370035,7793
370024,7794
370030,7794
370027,7796
370028,7796
370031,7796
370032,7796
370034,7796
370026,7797
370037,7798
370045,7798
370052,7798
370049,7800
370040,7801
370046,7802
370041,7803
370042,7803
370047,7803
370053,7803
370054,7803
370050,7804
370051,7804
370039,7805
370044,7805
370048,7805
370036,7806
370038,7806
370043,7806
370055,7807
370056,7807
370057,7807
370058,7807
370059,7810
370060,7810
370072,7811
370067,7812
370071,7812
370073,7812
370075,7812
370069,7813
370074,7813
370062,7814
370064,7814
370065,7814
370076,7814
370063,7815
370066,7815
370077,7816
370081,7817
370083,7817
370080,7818
370084,7818
370085,7818
380137,7818
380425,7818
381056,7818
381149,7818
370078,7821
370079,7821
370082,7821
370086,7821
370091,7825
370092,7825
370093,7825
370094,7825
370095,7825
370096,7825
370097,7825
370098,7825
370100,7826
370101,7826
370103,7826
370104,7826
370109,7826
370110,7826
370099,7827
370106,7827
370108,7827
370102,7828
370105,7828
370107,7829
370111,7829
370112,7830
370113,7830
370114,7830
370115,7830
370117,7830
370118,7830
370120,7830
370121,7830
370116,7831
370119,7831
370124,7832
370127,7832
370128,7832
370122,7833
370123,7833
370126,7833
370129,7833
370131,7833
370132,7833
370133,7833
370125,7835
370130,7835
370134,7836
370136,7836
370137,7836
370135,7837
370140,7837
370138,7838
370139,7838
370141,7838
370142,7838
370143,7838
370151,7839
370145,7840
370146,7840
370147,7840
370150,7840
370153,7840
370144,7841
370148,7841
370149,7841
370152,7841
370156,7842
370154,7843
370157,7843
370161,7843
370155,7844
370158,7844
370159,7844
370160,7845
370162,7845
370164,7846
370165,7846
370168,7847
370171,7847
370180,7847
370189,7847
370177,7848
370182,7848
370186,7848
370192,7848
370194,7848
370178,7849
370193,7849
370200,7849
370167,7850
370201,7850
370173,7851
370175,7851
370202,7851
370191,7852
370166,7853
370170,7853
370176,7853
370184,7853
370198,7853
370199,7853
370183,7854
370185,7854
370195,7854
370181,7855
370187,7855
370196,7855
370169,7856
370172,7856
370174,7856
370179,7856
370188,7856
370190,7856
370197,7856
370203,7857
370206,7857
370208,7857
370212,7857
381403,7857
381406,7857
381407,7857
381408,7857
381409,7857
370204,7858
370207,7858
370211,7858
370205,7859
370210,7859
370209,7860
370214,7861
370215,7861
370216,7861
370218,7861
370222,7861
370213,7862
370219,7862
370220,7863
370217,7864
370221,7864
370248,7865
371896,7866
370229,7867
370237,7867
370242,7867
370227,7868
370232,7868
370233,7868
370246,7868
370252,7868
370261,7868
370238,7869
370258,7869
370259,7869
370241,7870
370245,7870
370228,7871
370230,7871
370234,7871
370235,7871
370240,7871
370251,7871
370263,7871
370239,7872
370243,7872
370249,7872
370250,7872
370256,7872
370262,7872
370231,7873
370247,7873
370253,7873
370255,7874
370224,7875
370254,7875
370257,7875
370297,7876
370301,7876
370280,7877
370289,7877
370265,7878
370277,7879
370295,7879
370288,7880
370274,7881
370282,7881
370292,7881
370304,7881
370306,7881
370308,7881
370312,7881
370269,7882
370268,7883
370302,7883
370311,7883
370294,7884
370299,7884
370276,7885
370307,7885
370313,7885
370266,7886
370287,7886
370290,7886
370296,7886
370298,7886
370300,7886
370315,7886
370284,7887
370314,7887
370278,7888
370283,7888
370309,7888
370267,7889
370270,7889
370273,7889
370281,7889
370303,7889
370264,7890
370310,7890
370271,7891
370272,7891
370279,7891
370286,7891
370291,7891
370293,7891
370316,7892
370322,7893
370321,7894
370319,7895
370318,7896
370325,7897
370332,7897
376994,7897
370327,7898
370328,7899
370330,7899
370323,7900
370324,7900
370326,7900
370329,7900
370331,7900
370334,7901
370338,7901
370347,7901
370355,7901
370363,7901
370339,7902
370348,7902
370354,7902
370359,7902
370365,7902
370345,7903
370358,7903
370360,7903
370366,7903
370351,7904
370346,7905
370356,7905
370362,7905
370341,7906
371864,7906
371865,7906
371869,7906
371870,7906
371871,7906
373099,7906
370343,7907
370352,7907
370357,7907
370335,7908
370349,7908
370937,7908
371944,7908
372737,7908
370336,7909
370337,7909
370350,7909
370340,7910
370353,7910
370333,7911
370344,7911
370342,7912
370361,7912
370364,7912
370370,7913
370371,7913
370374,7913
370373,7914
370372,7915
370367,7916
370368,7916
370369,7916
370376,7917
370377,7917
370383,7917
370389,7917
370375,7918
370384,7918
370385,7918
370387,7918
370393,7919
370395,7919
370397,7919
370398,7919
370401,7919
370404,7919
370392,7920
370396,7920
370403,7920
370394,7921
370399,7921
370400,7921
370402,7921
370414,7922
370412,7923
370413,7923
370417,7923
370405,7924
370406,7924
370411,7924
370416,7924
370418,7924
378574,7924
378575,7924
370408,7925
370407,7926
370409,7926
370415,7926
370419,7927
370423,7927
370425,7927
370422,7928
370426,7928
370427,7928
370428,7928
370424,7929
370421,7930
370420,7931
370431,7932
370433,7932
370430,7933
370432,7934
370441,7935
370442,7935
370443,7935
370448,7935
370449,7935
370451,7935
370453,7935
370456,7935
370447,7936
370457,7936
371455,7936
370444,7937
370439,7938
370445,7938
370446,7938
370450,7938
370452,7938
370455,7938
370458,7938
370440,7939
370460,7940
370461,7940
370467,7940
370462,7941
370463,7941
370464,7941
370465,7941
370466,7941
370470,7942
370474,7942
370475,7942
370468,7943
370472,7943
370473,7943
370487,7944
370488,7944
370493,7944
370498,7944
370502,7944
370507,7944
370481,7945
370483,7945
370485,7945
370503,7945
370504,7945
371387,7945
370477,7946
370489,7946
370499,7946
370478,7947
370484,7947
370495,7947
370500,7947
370486,7948
370491,7948
370494,7948
370501,7948
370505,7948
370492,7949
370479,7950
370480,7950
370496,7950
370497,7950
370510,7951
370511,7951
370519,7951
370508,7952
370512,7952
370513,7952
370514,7952
370515,7952
370516,7952
370521,7952
370522,7952
370509,7953
370517,7953
370518,7953
370520,7953
370525,7954
370523,7955
370527,7956
370528,7956
370530,7956
370532,7956
370534,7956
370536,7956
370537,7956
370524,7957
370526,7957
370529,7957
370531,7957
370533,7957
370535,7957
370538,7957
370540,7958
370572,7958
371534,7958
370578,7959
370579,7959
371531,7959
370551,7960
370566,7960
370575,7960
370585,7960
370587,7960
370577,7961
370586,7961
370938,7962
370940,7962
370941,7962
371027,7962
370545,7963
370547,7963
370568,7963
370541,7964
370542,7964
370558,7964
370557,7965
370565,7965
370564,7966
370552,7967
371012,7967
370539,7968
370546,7968
370571,7968
370580,7968
370581,7968
370583,7968
370584,7968
370556,7969
370563,7969
370569,7969
370544,7970
370548,7970
370549,7970
370553,7970
370562,7970
370570,7970
370574,7970
370576,7970
370554,7971
370555,7971
370589,7971
370939,7971
370543,7972
370560,7972
370561,7972
370559,7973
370582,7973
370598,7974
370600,7974
370595,7975
370599,7975
370604,7975
370594,7976
370590,7977
370593,7977
370596,7977
370601,7977
370603,7977
370591,7978
370592,7978
370597,7978
370602,7978
373036,7978
370605,7979
370606,7979
370607,7979
370609,7979
370610,7979
370611,7979
370612,7979
370613,7980
370622,7980
370635,7980
370631,7981
370632,7981
373047,7981
373148,7981
370616,7982
370617,7982
370621,7982
370633,7982
370614,7983
370618,7983
370619,7983
370626,7983
370634,7983
370615,7984
370620,7984
370624,7984
370627,7984
370628,7984
370629,7984
370630,7984
373093,7984
370623,7985
370625,7985
370637,7986
374239,7986
371619,7987
371620,7987
371621,7987
374233,7987
370636,7988
370638,7988
370639,7988
370641,7989
370643,7989
370645,7989
370646,7989
370649,7989
370640,7990
370642,7990
370644,7990
370647,7990
370648,7990
370650,7990
370651,7991
370653,7991
370652,7992
371583,7992
371593,7992
371594,7992
371608,7992
370654,7993
370656,7993
370657,7993
370659,7993
370663,7993
370665,7993
370669,7993
370670,7993
370655,7994
370658,7994
370661,7994
370666,7994
370671,7994
370664,7995
370673,7995
370662,7996
370668,7996
370672,7996
370674,7996
370660,7997
370667,7997
370675,7998
370676,7998
370678,7998
370683,7998
372504,7999
372516,7999
370680,8000
370677,8001
370684,8001
370685,8001
375593,8001
376965,8001
384583,8001
370686,8002
371229,8002
370679,8003
370681,8003
370682,8004
370688,8005
370692,8005
370687,8006
370693,8006
370689,8007
370690,8007
370691,8007
370696,8008
370700,8008
370702,8008
370699,8009
370703,8009
371366,8009
371368,8009
370695,8010
370697,8010
370698,8010
370694,8011
370701,8011
370704,8012
370705,8012
370708,8012
370710,8012
370709,8013
371899,8013
371909,8013
371925,8013
370706,8014
370707,8014
370711,8014
370715,8015
370717,8016
370712,8017
370714,8017
370716,8017
370718,8017
370713,8018
370720,8019
370728,8019
370721,8020
370726,8020
370719,8021
370723,8021
370725,8021
370727,8021
370730,8021
370722,8022
370729,8022
370732,8023
370736,8023
370738,8023
370733,8024
374486,8024
374514,8024
370731,8025
370734,8025
370737,8025
371632,8025
371635,8025
374487,8025
374492,8025
374520,8025
374521,8025
374526,8025
370740,8026
370743,8026
370745,8026
370741,8027
370744,8027
370746,8027
370747,8027
370752,8027
370739,8028
370751,8028
370742,8029
370748,8029
370749,8029
370750,8029
370755,8030
370762,8030
370754,8031
370757,8031
370761,8031
370759,8032
370760,8032
370763,8032
373053,8032
373101,8032
373123,8032
370753,8033
370756,8033
370758,8033
370764,8034
370765,8034
370766,8034
370767,8034
370768,8034
370769,8034
380934,8034
370770,8035
370771,8036
370772,8037
370773,8037
370774,8037
375357,8037
375369,8037
370787,8038
370795,8038
370815,8038
370819,8038
370788,8039
370805,8039
370811,8039
370816,8039
370817,8039
370780,8040
370807,8040
370810,8040
370818,8040
370793,8041
370783,8042
370794,8042
370798,8042
370778,8043
370782,8043
370806,8043
370808,8043
370814,8043
370796,8044
370801,8044
370781,8045
370800,8045
370803,8045
370812,8045
370799,8046
370802,8047
370804,8047
370809,8047
370820,8047
370785,8048
370777,8049
370779,8049
370789,8049
370775,8050
370776,8050
370784,8050
370790,8050
370792,8050
370786,8051
370791,8052
370797,8052
370813,8052
370826,8053
370828,8054
370832,8054
370829,8055
371436,8055
372501,8055
370822,8056
370821,8057
370823,8057
370825,8057
370830,8057
370831,8057
372499,8057
370833,8058
370834,8058
370835,8058
370836,8058
370837,8058
370838,8060
370839,8060
370842,8060
370843,8060
370847,8060
370845,8061
370846,8061
370849,8061
370840,8062
370841,8062
370844,8062
370848,8062
370857,8063
370850,8064
370851,8064
370854,8064
370853,8065
370856,8065
370868,8066
370870,8067
370876,8068
370872,8069
376498,8069
376705,8069
376792,8069
376873,8069
377271,8069
370871,8070
370875,8070
370862,8071
370879,8072
370866,8073
370867,8073
370874,8073
376887,8073
377030,8073
370861,8074
370864,8074
376169,8074
370882,8075
370881,8076
370884,8076
370880,8077
370883,8077
370885,8078
370888,8079
370889,8080
370890,8080
370892,8081
370893,8081
370891,8083
370929,8084
370894,8085
370895,8085
370901,8085
370908,8085
370915,8085
370916,8085
370923,8085
370930,8085
370902,8086
370905,8086
370912,8086
370919,8086
370928,8086
370903,8087
370913,8087
370906,8088
370907,8088
370922,8088
370925,8089
370899,8090
370900,8090
370926,8090
370896,8091
370918,8091
370931,8091
370904,8092
370920,8093
370897,8094
370898,8094
370924,8094
370927,8094
370910,8095
370909,8096
370917,8097
370921,8097
370911,8098
370914,8098
370950,8099
370973,8099
370944,8100
370980,8100
370994,8100
371009,8100
371015,8100
370943,8102
370949,8102
371029,8102
370957,8103
370968,8103
371011,8103
371025,8103
379260,8103
370945,8104
370962,8104
370975,8104
370996,8104
370997,8104
370954,8105
370974,8105
370979,8105
370986,8105
370961,8106
370984,8106
371003,8107
371033,8107
371001,8108
371008,8108
371031,8108
370955,8109
370988,8109
371005,8110
370969,8111
370976,8112
371030,8112
370998,8113
371021,8113
370964,8114
370987,8114
370993,8114
370948,8115
370990,8115
371004,8115
371016,8115
371022,8115
370952,8116
370992,8116
370995,8116
371000,8116
370953,8117
370959,8117
370960,8117
370978,8117
371028,8117
370967,8118
370956,8119
370966,8119
370977,8119
371013,8119
371018,8119
370942,8120
371014,8120
370951,8121
370965,8121
370970,8121
370981,8121
371023,8121
371026,8121
370985,8122
370999,8122
371020,8122
371032,8122
370946,8124
370947,8124
370972,8124
371002,8124
371006,8124
371010,8124
370963,8125
370971,8125
370989,8125
371019,8125
372824,8125
372836,8125
370958,8126
370991,8126
371036,8127
371038,8127
371039,8127
371041,8127
371035,8128
371037,8129
371040,8129
371044,8130
371047,8130
371049,8130
371052,8130
371042,8131
371045,8131
371050,8131
371046,8132
371051,8132
371053,8133
371054,8133
371056,8133
371059,8133
371062,8133
371064,8133
371063,8134
371058,8135
371060,8135
371055,8136
371057,8136
371061,8136
371080,8137
371083,8137
371087,8137
371088,8137
371071,8138
371078,8138
371086,8138
371092,8138
371075,8139
371089,8139
371085,8140
372459,8140
372478,8140
372489,8140
371068,8141
371073,8141
371076,8142
371084,8142
371090,8142
371065,8143
371067,8143
371070,8143
371082,8143
371081,8144
371091,8144
371066,8145
371069,8145
371074,8145
371098,8146
371113,8146
371114,8146
371097,8147
371103,8147
371105,8147
371107,8147
371112,8147
374076,8147
383368,8147
371096,8148
371100,8148
371101,8148
371108,8148
371109,8148
371110,8148
371106,8149
371111,8149
374079,8149
374108,8149
374118,8149
374122,8149
374135,8149
371094,8150
371095,8150
371099,8150
371102,8150
371104,8150
371121,8151
371122,8151
371125,8151
371118,8152
371117,8153
371119,8153
371120,8153
371124,8153
371115,8154
371116,8154
371123,8154
371126,8154
371131,8155
371134,8155
371138,8156
371129,8157
371133,8157
371135,8157
371136,8157
371137,8157
371128,8158
371149,8159
371150,8159
371151,8159
371155,8159
371139,8160
371141,8160
371143,8160
371157,8160
371140,8161
371142,8161
371144,8161
371145,8161
371147,8161
371158,8161
371159,8161
371160,8161
371161,8162
371162,8162
371156,8163
371146,8164
371148,8164
371153,8164
371154,8164
371163,8164
371152,8165
371169,8166
371173,8166
371174,8166
371175,8166
371171,8167
371166,8168
371172,8168
372254,8168
371177,8169
371179,8169
371181,8169
371182,8169
371185,8169
371188,8169
371189,8169
371193,8169
371178,8170
371180,8170
371191,8170
371176,8171
371184,8171
371187,8171
371186,8172
371194,8172
371192,8173
371183,8174
371190,8174
371201,8175
371203,8175
371205,8175
371206,8175
371195,8176
371196,8176
371197,8176
371198,8176
371202,8176
371199,8177
371200,8177
371204,8177
371207,8177
371210,8178
371211,8178
371217,8178
371208,8179
371209,8179
371212,8179
371214,8179
371215,8179
371216,8179
371221,8180
371223,8180
371224,8180
371228,8180
371219,8181
371220,8181
371222,8181
371225,8181
371226,8181
371227,8181
377227,8181
371230,8182
371231,8182
371232,8182
371233,8182
371234,8182
371235,8182
371236,8182
371237,8182
371238,8182
371239,8182
371242,8183
371259,8183
371260,8183
371269,8183
371270,8183
371271,8183
371245,8184
371261,8184
371265,8184
371276,8184
371277,8184
371258,8185
371243,8186
371251,8186
371275,8186
377403,8187
377405,8187
377406,8187
377409,8187
377412,8187
371246,8188
371256,8188
371267,8189
371272,8189
371273,8189
371274,8189
374647,8189
371266,8190
371248,8191
371252,8191
371244,8192
371263,8192
371241,8193
371264,8193
371250,8194
371254,8194
371240,8195
371249,8195
371253,8195
371255,8195
371257,8195
371268,8195
371278,8196
371281,8197
371290,8197
371291,8197
371292,8197
371303,8197
371285,8198
371302,8198
371309,8198
371283,8199
371296,8199
371297,8199
371298,8199
371305,8199
371279,8200
371280,8200
371286,8200
371288,8201
371304,8201
371284,8202
371287,8202
371289,8202
371293,8202
371307,8202
371282,8203
371299,8203
371300,8203
371306,8203
371308,8203
371294,8204
371295,8204
371301,8204
371314,8205
371313,8206
371315,8206
371317,8206
371310,8207
371316,8208
371319,8208
371320,8208
371311,8209
371312,8209
371318,8209
371321,8209
371322,8209
371325,8210
371331,8210
371330,8211
371356,8211
371332,8212
371338,8212
371346,8212
371358,8212
371323,8213
371333,8213
371334,8213
371351,8213
371359,8213
371362,8213
371341,8214
371345,8214
371348,8214
371350,8214
371355,8214
371337,8215
371342,8216
371324,8217
371339,8217
371357,8217
371343,8218
371352,8218
371360,8218
371327,8219
371335,8219
371340,8219
371361,8219
371326,8220
371328,8220
371336,8220
371347,8220
371354,8220
371372,8221
371363,8222
371364,8222
371369,8222
371370,8222
375473,8222
375486,8222
371365,8223
371367,8223
371371,8223
372526,8223
371376,8224
371377,8224
375446,8224
371373,8225
371378,8225
371379,8225
371380,8225
375505,8225
375513,8225
371374,8226
371375,8226
375453,8226
371381,8227
371382,8227
371383,8227
371384,8227
371388,8227
371390,8227
371392,8228
371396,8228
371398,8228
371394,8229
371395,8229
371397,8229
371399,8229
371391,8230
371393,8230
371400,8230
371403,8230
371401,8231
371402,8231
371409,8232
371414,8232
371405,8233
371410,8233
371415,8233
371416,8233
371407,8234
371411,8234
371413,8234
371417,8234
371408,8235
371412,8235
371404,8236
371406,8236
371418,8237
371423,8237
371424,8237
371426,8237
371427,8237
371429,8237
371430,8237
371419,8238
371420,8238
371421,8238
371422,8238
371425,8238
371428,8238
371435,8239
371447,8239
371448,8239
371438,8240
371441,8240
371431,8241
371432,8241
371433,8241
371440,8241
371443,8241
371444,8241
371439,8242
371434,8243
371437,8243
371445,8243
371442,8244
371446,8244
371449,8244
371456,8245
371459,8245
371478,8245
371480,8245
371450,8246
371465,8246
371470,8246
371451,8247
371452,8247
371457,8247
371460,8247
371472,8247
371473,8247
371477,8247
371481,8247
371471,8248
371461,8249
371466,8249
371458,8250
373669,8250
373688,8250
373737,8250
371453,8251
371464,8251
371474,8251
371476,8251
371482,8251
371462,8252
371463,8252
371467,8252
371469,8252
371479,8252
371484,8253
371489,8253
371492,8253
371501,8253
371483,8254
371485,8254
371486,8254
371495,8254
371502,8254
371504,8254
371511,8254
371512,8254
371490,8255
371496,8255
371499,8255
371509,8256
371494,8257
371507,8257
371497,8258
371510,8258
371493,8259
371500,8259
371506,8259
375807,8259
371488,8260
371498,8260
371503,8260
371508,8260
371487,8261
371491,8261
371505,8261
371522,8262
371523,8262
371514,8263
371524,8263
371516,8264
371519,8264
371520,8264
371513,8265
371515,8265
371517,8266
371518,8266
371521,8266
371525,8266
373711,8266
373741,8266
371530,8267
371540,8267
371555,8267
371556,8267
371560,8267
371543,8268
371553,8268
371563,8268
371569,8268
371538,8269
371544,8269
371546,8269
371547,8269
372001,8269
372041,8269
371526,8270
371532,8270
371536,8270
371539,8270
371558,8270
371559,8270
371568,8270
371535,8271
371542,8271
371549,8271
371552,8271
371554,8271
371566,8271
371567,8271
371528,8272
371537,8272
371548,8272
371550,8272
371551,8272
371561,8272
371562,8272
371564,8272
371541,8273
371545,8273
371527,8274
371529,8274
371533,8274
371557,8274
371565,8274
371588,8275
371590,8275
371609,8275
371586,8276
371597,8276
371601,8276
371610,8277
372005,8278
372018,8278
372037,8278
371587,8279
371598,8279
371599,8279
371612,8279
371580,8280
371592,8280
371606,8280
371571,8281
371604,8281
371572,8282
371574,8282
371613,8282
371573,8283
371585,8283
371595,8283
371611,8283
371616,8284
371575,8285
371584,8285
371589,8285
371600,8285
371602,8285
371607,8285
371576,8286
371581,8286
373161,8286
371570,8287
371579,8287
371582,8287
371577,8288
371578,8288
371591,8288
371596,8288
371603,8288
371605,8288
371614,8288
371615,8288
373137,8288
371626,8289
371627,8289
371623,8290
371624,8290
371628,8290
371618,8291
371625,8291
371622,8292
371629,8293
371630,8293
371631,8293
371633,8293
371634,8293
371636,8293
371640,8294
371642,8294
371651,8294
371637,8295
371638,8295
371639,8295
371645,8295
371646,8295
371650,8295
371643,8296
371644,8296
371649,8296
371641,8297
371647,8297
371648,8297
371660,8299
371661,8299
371667,8299
371668,8299
371669,8299
371654,8300
371656,8300
371657,8300
371658,8300
371666,8301
371670,8301
371673,8301
371674,8301
371659,8302
371662,8302
371665,8302
371655,8303
371652,8304
371653,8304
371664,8304
371671,8304
371672,8304
371675,8304
371676,8304
371677,8304
371679,8305
371681,8305
371685,8305
371678,8306
371687,8306
371684,8307
371690,8307
371693,8307
373821,8307
371683,8308
371686,8308
371689,8308
371691,8308
371692,8308
371695,8308
371680,8310
371682,8310
371688,8310
371694,8310
372871,8310
371696,8311
371702,8311
371698,8312
371699,8312
371701,8312
371703,8312
371705,8312
371697,8313
371700,8313
371704,8313
371711,8314
371720,8315
371707,8316
371710,8316
371706,8317
371714,8317
371717,8317
371723,8318
371725,8318
371708,8319
371715,8319
371718,8319
371719,8319
371724,8319
371709,8320
371722,8320
371732,8321
371733,8321
371734,8321
371726,8322
371728,8322
371735,8322
371737,8322
371740,8322
371730,8323
371739,8323
371741,8324
371742,8324
371743,8324
371744,8324
371749,8325
371762,8325
371765,8325
371769,8325
371776,8325
372698,8326
381935,8326
381936,8326
371752,8327
371759,8327
371761,8327
371764,8327
371774,8327
371775,8327
371745,8328
371758,8328
371760,8328
371770,8328
371772,8328
371748,8330
371753,8330
371754,8330
371756,8330
371757,8330
371771,8330
371750,8331
371755,8331
371766,8331
371773,8331
371783,8332
371792,8332
371794,8332
371795,8332
371796,8332
371797,8332
371779,8333
371780,8333
371782,8333
371791,8333
371778,8334
374346,8334
374358,8334
374379,8334
374382,8334
374394,8334
371777,8335
371784,8335
371785,8336
371786,8336
371788,8336
371789,8336
371781,8337
371798,8337
371787,8338
371790,8338
371793,8338
371805,8339
371806,8339
371808,8339
371812,8339
371813,8339
371815,8339
371803,8340
371807,8340
371809,8340
371811,8340
371804,8341
371810,8342
371814,8342
371816,8343
371820,8343
371826,8343
371827,8343
371823,8344
371821,8345
371824,8345
371825,8345
371817,8346
371818,8346
371819,8346
371822,8347
371828,8348
371829,8348
371830,8349
371831,8350
371835,8350
371832,8351
371836,8351
371833,8352
371834,8352
371837,8352
371838,8352
371846,8353
371855,8353
371850,8354
371851,8354
371854,8354
371857,8354
371859,8354
371861,8354
371852,8356
371856,8356
371860,8356
371842,8357
371844,8357
371862,8357
371840,8358
371853,8358
371841,8360
371843,8360
371845,8360
371847,8360
371848,8360
371849,8360
371858,8360
371863,8362
371866,8362
371868,8363
371872,8363
371867,8364
371875,8365
371876,8365
371878,8365
371879,8365
371880,8365
371884,8365
371874,8366
371882,8366
371883,8366
371877,8367
371881,8367
371885,8368
371886,8368
371888,8368
371892,8368
371894,8368
372866,8370
371887,8371
371889,8371
371890,8371
371891,8371
371895,8372
371907,8373
371924,8373
371933,8373
371942,8373
371904,8374
371917,8375
371900,8376
371911,8376
371915,8376
371927,8376
371929,8376
371937,8376
371941,8376
371943,8376
371934,8377
371935,8377
371913,8378
371936,8378
371912,8379
371916,8379
371921,8379
371922,8379
371930,8379
371931,8379
371902,8380
371910,8380
371918,8380
371919,8380
371932,8380
371903,8381
371908,8381
371914,8381
371920,8381
371926,8381
371923,8382
371939,8383
371947,8384
371949,8384
371952,8384
371957,8384
371958,8384
371959,8384
371962,8384
371955,8385
371965,8385
371966,8385
371953,8386
371967,8386
371945,8387
371960,8387
371961,8387
371964,8387
371969,8387
371951,8388
371956,8388
371948,8389
371950,8389
371954,8389
371963,8389
371946,8390
371968,8390
371972,8391
371977,8391
371982,8391
371986,8391
371990,8391
371978,8393
371979,8393
371984,8393
371987,8393
371985,8394
371997,8394
371974,8398
371976,8398
371981,8398
371983,8398
371993,8398
371996,8398
371975,8399
371994,8399
371980,8400
371995,8400
371998,8401
371999,8401
372000,8401
372024,8402
372028,8402
372062,8402
372071,8402
372003,8403
372004,8403
372035,8403
372002,8404
372016,8404
372033,8404
372050,8404
373162,8404
373169,8404
372025,8405
372058,8406
372021,8408
372039,8408
372070,8408
372030,8409
372045,8409
372048,8409
372054,8409
372059,8409
372074,8409
372026,8410
372027,8410
372031,8410
372057,8410
372029,8411
372049,8411
372006,8412
372032,8412
372015,8413
372042,8413
372067,8413
372073,8413
372007,8414
373134,8414
372014,8415
372068,8415
372017,8416
372040,8416
372019,8417
372069,8417
372046,8418
372008,8419
372020,8419
372023,8419
372036,8419
372038,8420
372053,8420
372063,8420
372066,8420
372055,8421
372056,8421
373001,8421
372047,8422
372034,8423
372052,8423
372060,8423
372061,8423
372065,8423
372010,8424
372044,8424
373040,8424
372012,8425
372013,8426
372022,8426
372072,8427
373158,8427
372011,8428
372043,8428
372009,8429
372051,8429
372064,8429
372078,8430
372075,8431
372076,8431
372077,8431
372079,8431
372082,8431
372083,8431
372081,8432
372080,8433
372089,8434
372090,8434
372094,8434
372087,8435
372092,8435
372093,8435
372084,8436
372085,8436
372086,8436
372088,8436
372091,8436
372095,8436
372096,8437
372097,8437
372098,8437
372099,8437
372100,8438
372102,8438
372104,8438
377795,8438
372101,8439
372103,8439
377783,8439
377785,8439
377788,8439
372107,8440
372105,8442
372106,8442
372108,8442
372109,8443
372111,8443
372114,8443
372118,8443
372113,8444
372115,8444
372110,8445
372112,8445
372116,8445
372117,8445
372119,8446
372132,8446
372134,8446
372121,8447
372122,8447
372126,8447
372128,8447
372120,8448
372125,8448
372127,8448
372130,8448
372133,8448
372136,8448
372137,8448
372129,8449
372138,8449
372123,8450
372124,8450
372131,8450
372135,8450
372139,8451
372143,8451
372146,8451
372158,8451
372157,8452
372140,8453
372142,8453
372152,8453
372154,8453
372155,8453
372144,8454
372150,8454
372153,8454
372156,8454
375908,8454
372141,8455
372145,8455
372147,8455
372148,8455
372151,8455
372164,8456
372168,8457
372169,8457
372171,8457
372172,8457
375509,8457
375539,8457
372160,8458
372161,8458
372162,8458
372165,8458
372166,8458
372167,8458
372170,8458
375459,8458
375461,8458
375477,8458
375538,8458
372159,8459
372163,8459
372173,8460
372174,8460
372175,8461
372176,8462
372177,8462
372178,8463
372182,8463
372189,8463
372190,8463
372183,8464
372184,8465
372185,8465
372186,8465
372188,8465
372191,8465
372179,8466
372180,8466
372181,8466
372187,8466
372193,8467
372194,8467
372196,8467
372197,8467
372199,8467
372192,8468
372195,8468
372198,8468
372202,8469
372201,8470
372204,8470
372207,8470
372208,8470
372205,8471
387481,8471
387482,8471
387483,8471
387484,8471
372219,8472
372220,8472
374489,8472
374525,8472
372215,8473
372213,8474
372225,8474
372228,8474
372210,8475
372223,8475
372226,8475
372212,8476
372214,8476
372216,8476
372218,8476
372227,8476
372230,8476
372209,8477
372217,8477
372221,8477
372222,8477
372224,8477
372231,8477
372211,8478
372229,8478
372236,8479
372239,8479
372233,8480
372235,8480
372238,8480
372232,8481
372234,8481
372237,8481
372240,8482
372244,8482
372247,8482
372241,8483
372242,8484
372243,8484
372246,8484
372248,8484
372245,8485
372249,8486
372250,8486
372251,8486
372252,8486
372253,8486
372258,8487
372747,8487
372256,8488
372260,8488
372967,8488
372994,8488
373023,8488
372257,8489
372259,8489
372262,8490
372263,8490
372266,8490
372269,8490
372270,8490
372271,8490
372273,8490
382232,8490
372261,8491
372275,8491
372264,8492
372272,8492
372274,8492
372267,8493
379038,8493
379049,8493
372265,8494
372268,8494
382233,8494
372291,8495
372300,8495
372278,8496
372288,8496
372290,8496
372276,8497
372280,8497
372283,8497
372289,8497
372277,8498
372282,8498
372297,8498
372299,8498
378612,8498
372281,8499
372287,8499
372293,8499
372294,8499
372296,8499
372279,8500
372284,8500
372285,8500
372286,8500
372292,8500
372295,8500
372298,8500
372305,8501
372306,8501
372301,8502
372302,8502
372307,8502
372303,8503
372304,8504
372310,8505
372308,8506
372309,8506
372311,8506
372320,8507
372321,8507
372327,8507
372322,8508
372312,8509
372324,8509
372314,8510
372316,8510
372319,8510
372323,8510
372313,8511
372315,8511
372317,8511
372318,8511
372325,8511
372326,8511
372337,8512
372343,8512
372348,8512
372357,8512
372329,8513
372330,8513
372331,8513
372335,8513
372340,8513
372351,8513
372353,8513
379035,8513
372334,8514
372336,8514
372344,8514
372350,8514
372328,8515
372341,8515
372352,8515
372356,8515
372358,8515
372332,8516
372339,8516
372355,8516
372359,8516
372333,8517
372338,8517
372346,8517
372746,8517
376126,8517
376400,8517
376688,8517
376886,8517
377037,8517
378510,8517
381972,8517
372342,8518
372345,8518
372347,8518
372349,8518
372354,8518
372360,8519
372361,8519
372362,8519
372363,8519
372364,8520
372379,8522
372388,8522
372389,8522
372365,8523
381505,8523
381518,8523
381519,8523
372373,8524
372376,8524
372377,8524
372380,8524
372383,8524
372368,8525
372372,8525
372374,8525
372384,8525
372367,8526
372370,8526
372378,8526
372381,8526
372385,8526
372386,8526
372387,8526
381502,8526
372369,8527
372366,8528
372375,8528
372382,8528
372371,8529
372393,8530
372409,8530
372394,8531
372406,8531
372414,8531
372391,8532
372399,8532
372403,8532
372405,8532
372408,8532
372413,8532
372390,8533
372400,8533
372412,8533
372419,8533
372401,8534
372392,8535
372396,8535
372397,8535
372398,8535
372407,8535
372410,8535
372411,8535
372418,8535
372395,8536
372402,8536
372404,8536
376446,8536
372415,8537
372416,8537
372417,8538
378587,8538
372423,8539
374620,8539
374627,8539
374638,8539
372420,8540
372421,8540
372422,8540
372424,8541
372426,8541
372430,8541
372435,8541
372431,8542
372433,8542
372436,8543
372428,8544
372429,8544
372434,8544
372427,8545
372432,8545
372742,8545
374101,8545
374120,8545
374142,8545
372425,8546
372437,8546
372438,8546
372439,8547
372453,8547
372441,8548
372449,8548
372456,8548
372457,8548
372442,8549
372445,8549
372450,8549
372451,8549
372455,8549
372452,8550
377984,8550
377994,8550
378004,8550
378020,8550
372440,8551
372443,8551
372444,8551
372446,8551
372447,8551
372448,8551
372454,8551
372460,8552
372473,8552
372479,8554
372482,8554
372463,8555
372468,8555
372464,8556
372483,8556
379010,8556
379011,8556
379016,8556
379017,8556
372487,8557
373760,8557
373827,8557
372458,8558
372472,8558
372476,8559
372488,8559
372480,8560
372485,8560
372490,8561
372469,8562
372470,8562
372471,8562
372484,8562
372486,8562
372462,8563
372465,8563
372466,8563
372474,8563
372475,8563
372477,8563
372461,8564
372481,8564
379262,8565
379267,8565
379269,8565
372491,8567
372492,8567
372493,8567
372495,8567
372496,8567
372769,8567
372771,8568
372497,8570
372500,8571
372502,8571
372498,8572
372507,8573
372511,8573
372513,8573
372517,8573
375592,8573
375596,8573
375595,8574
375598,8574
375603,8574
372521,8575
372514,8576
372505,8577
372515,8577
372522,8577
372503,8578
372508,8578
372523,8578
372520,8579
372524,8580
375479,8580
372506,8581
372509,8581
372527,8581
372510,8582
372512,8582
372518,8582
372519,8582
372525,8582
372528,8583
372529,8583
372530,8583
372531,8583
372532,8583
372533,8583
372537,8585
372539,8585
372541,8585
372542,8585
372544,8585
372534,8586
372536,8586
372546,8586
372547,8586
372538,8587
372543,8587
372545,8587
372549,8588
372552,8589
372551,8590
372553,8590
372554,8590
372556,8590
372562,8590
372565,8590
372555,8591
372557,8591
372558,8591
372564,8591
372550,8592
372559,8592
372560,8592
372561,8592
372563,8592
372566,8593
372570,8593
372576,8593
372577,8593
372582,8593
372585,8593
372569,8594
372583,8594
372567,8595
372571,8595
372574,8595
372578,8595
372584,8595
372572,8596
372575,8596
372580,8596
372586,8597
372587,8597
372590,8598
372588,8599
372589,8599
372592,8600
372596,8600
372610,8600
372611,8600
372614,8600
372617,8600
372591,8601
372595,8601
372598,8601
372604,8601
372607,8601
372597,8602
372601,8602
372609,8602
372618,8602
372594,8603
372600,8603
372605,8603
372608,8603
372612,8603
372613,8603
372616,8603
372593,8604
372615,8604
372599,8605
372602,8605
372603,8605
372606,8605
372621,8606
372622,8606
372625,8606
372626,8606
372628,8606
372620,8607
373096,8607
372623,8608
372624,8608
372619,8609
372627,8609
372629,8610
372632,8610
372636,8610
372631,8611
372633,8611
373294,8611
372630,8612
372634,8612
372635,8612
372637,8613
372638,8613
372639,8613
372641,8613
372645,8613
372646,8613
372642,8614
372640,8615
372647,8615
372643,8616
372644,8616
372648,8616
379656,8616
380024,8616
380762,8616
380877,8616
372650,8617
372654,8617
377385,8617
372649,8618
372651,8618
372652,8618
372653,8618
372655,8618
372656,8619
372657,8619
372658,8619
372659,8619
376027,8620
376030,8620
376032,8620
372664,8621
372665,8621
372667,8621
372668,8621
372661,8622
372663,8622
372666,8622
372660,8623
372662,8623
372682,8624
372671,8625
372669,8626
372672,8626
372673,8626
372674,8626
372680,8626
372670,8627
372675,8627
372676,8627
372678,8627
374581,8627
372677,8628
372679,8628
372681,8628
372683,8628
372700,8629
372702,8630
374979,8630
375004,8630
375022,8630
380947,8630
372690,8631
372701,8631
372705,8631
372708,8631
372684,8632
372689,8632
372706,8632
372685,8633
372692,8634
372694,8634
372695,8634
372699,8634
372688,8635
372693,8635
372697,8635
372704,8635
378578,8635
372687,8636
372703,8636
372707,8636
372686,8637
372736,8637
375040,8637
372691,8638
372709,8638
372696,8639
375027,8639
378579,8639
372711,8641
372728,8641
372713,8642
372714,8642
372720,8642
378720,8642
372722,8643
372729,8643
372715,8644
372717,8644
372721,8644
372723,8644
372731,8644
372710,8645
372716,8645
372718,8645
372712,8646
372724,8647
372726,8647
372719,8648
372725,8648
372727,8648
372730,8648
372732,8649
372733,8649
372734,8649
372735,8649
372738,8650
372739,8650
372740,8650
372741,8650
372743,8650
372744,8650
372748,8652
372750,8652
372751,8653
372753,8653
372762,8653
372764,8653
372754,8654
372755,8654
372757,8654
372758,8654
372759,8654
372760,8654
372763,8654
372752,8655
372756,8655
372761,8655
372779,8656
372765,8657
372776,8657
372778,8657
372780,8657
372766,8658
372775,8658
372767,8659
372768,8659
372773,8660
372774,8660
372770,8661
372772,8661
372794,8662
372801,8662
372804,8662
372783,8663
372788,8663
372796,8663
372798,8663
372803,8663
372807,8663
372808,8663
372792,8664
372797,8664
372800,8664
372782,8665
372793,8665
372802,8665
372781,8667
372785,8667
372790,8667
372791,8667
372795,8667
372806,8668
372784,8669
372787,8669
372799,8669
372810,8669
372805,8670
372809,8670
372786,8671
372789,8671
372811,8671
372815,8672
372817,8672
372820,8672
372814,8673
372816,8673
372818,8673
372819,8673
372833,8676
372837,8676
372821,8677
372822,8677
372826,8677
372832,8677
372834,8677
372835,8677
372823,8678
372825,8678
372828,8678
372829,8678
372831,8678
372840,8681
372842,8681
372841,8682
372843,8682
372848,8682
372850,8682
372839,8683
372846,8683
372844,8684
372847,8684
372849,8684
372853,8685
372856,8685
372857,8685
372858,8685
372854,8686
372855,8686
372859,8686
372860,8686
372861,8686
372863,8687
372865,8687
372868,8687
372862,8688
372864,8688
372867,8688
372879,8689
372880,8689
372884,8689
372886,8689
372892,8689
372907,8689
372876,8690
372894,8690
372899,8690
372898,8691
372870,8693
372875,8693
372877,8693
372882,8693
372889,8693
372895,8693
372912,8693
372885,8694
372890,8694
372896,8694
372897,8694
372900,8694
372902,8694
372909,8694
372911,8694
372883,8695
372903,8695
372904,8695
379795,8695
372869,8696
372873,8696
372881,8696
372905,8696
372878,8697
372891,8697
372893,8697
372874,8698
372887,8698
372888,8698
372901,8698
372910,8698
372872,8699
372906,8699
372908,8699
372913,8699
372928,8700
372945,8700
372923,8701
372933,8701
372948,8701
372953,8701
372956,8701
372929,8702
372930,8702
372915,8703
372917,8703
372931,8703
372932,8703
372939,8703
372944,8703
372958,8703
372916,8704
372937,8704
372949,8704
372921,8705
372940,8705
372942,8705
372951,8705
372918,8706
372936,8706
372938,8706
372943,8706
372955,8706
372920,8707
372922,8707
372926,8707
372947,8707
372941,8708
372914,8709
372935,8709
372924,8710
372957,8710
372919,8711
372925,8711
372927,8712
372934,8712
372946,8712
372950,8712
372952,8712
372954,8712
372977,8714
373014,8714
373037,8714
372983,8715
372995,8715
373019,8715
373025,8715
373034,8715
380179,8715
372961,8716
372976,8716
372985,8716
373013,8716
373016,8716
373021,8716
380810,8716
372986,8717
372974,8718
372980,8718
372968,8719
372978,8719
372989,8719
373008,8719
373010,8719
373038,8719
372959,8720
372984,8720
372993,8720
373026,8720
379649,8720
372972,8721
372981,8721
372990,8721
373003,8721
373015,8721
373035,8721
372979,8722
373011,8722
373028,8722
373043,8722
372966,8723
372973,8723
372987,8724
372997,8724
372998,8724
372999,8724
373000,8724
373005,8724
373039,8724
372975,8725
380043,8725
375834,8726
372962,8727
373004,8727
372960,8728
373002,8728
373020,8728
373022,8728
379924,8728
372969,8729
372971,8729
373027,8730
372970,8731
372982,8731
372992,8731
373032,8731
373006,8732
373029,8733
373031,8733
373033,8733
373018,8734
372964,8735
373030,8735
372963,8736
372965,8736
373007,8736
373044,8736
378573,8736
372988,8737
372996,8737
373009,8738
373112,8739
373095,8740
373128,8740
373165,8740
376435,8740
373109,8741
373164,8741
373166,8741
373170,8741
380654,8741
373045,8742
373065,8742
373074,8742
373143,8742
373054,8743
373058,8743
373116,8743
373136,8743
373056,8744
373068,8744
373088,8744
373122,8744
373133,8744
373153,8744
373167,8744
373176,8744
373051,8745
373132,8745
373160,8745
373077,8746
373079,8746
373085,8746
373086,8746
373108,8746
373174,8746
373141,8747
373069,8748
373070,8748
373071,8748
373075,8748
373076,8748
373104,8748
373139,8748
373172,8748
373050,8749
373151,8749
373057,8750
373073,8750
373178,8750
373046,8751
373066,8751
373098,8751
373105,8751
373118,8751
373146,8751
373067,8752
373090,8752
373126,8752
373130,8752
373152,8752
373175,8752
373048,8753
373082,8753
373147,8753
373149,8753
373062,8754
373091,8754
373100,8754
373140,8754
373150,8754
373061,8755
373129,8755
373092,8756
373119,8756
373156,8756
373113,8757
373138,8757
373173,8757
373117,8758
373171,8758
380908,8758
373135,8759
373145,8759
373084,8760
373089,8760
373107,8760
373155,8760
373055,8761
373078,8761
373111,8761
373125,8761
373127,8761
373159,8761
373080,8762
373115,8762
373060,8763
373094,8763
373144,8763
373063,8764
373083,8764
373087,8764
373110,8764
373177,8765
378635,8765
373103,8766
373154,8766
373059,8768
373097,8768
373102,8768
373121,8768
373142,8768
373163,8768
373081,8769
373106,8769
373120,8769
373064,8770
378634,8770
373072,8771
373114,8771
373168,8771
373185,8772
373199,8772
373212,8772
373215,8772
373224,8772
373225,8772
373188,8773
373190,8773
373198,8773
373182,8774
373184,8774
373189,8774
373193,8774
373238,8774
373207,8775
373231,8775
373232,8775
373236,8775
373237,8775
373191,8776
373194,8776
373209,8776
373213,8776
373205,8777
373208,8777
373223,8777
373241,8777
377441,8777
377477,8777
373221,8778
373244,8778
373201,8779
373217,8779
373219,8780
373227,8780
373179,8781
373181,8781
373195,8781
373204,8781
373226,8781
373243,8781
373200,8782
373214,8782
373233,8782
373235,8783
373186,8784
373203,8784
373206,8785
373211,8785
373242,8785
382407,8785
373229,8786
373197,8787
373220,8787
373222,8787
373239,8787
373245,8787
373218,8788
373192,8789
373210,8789
373187,8790
373196,8790
373202,8790
373216,8790
373230,8790
373234,8790
373240,8790
373253,8791
373256,8791
378197,8791
378210,8791
373261,8792
373248,8793
373246,8794
373251,8794
373257,8794
373258,8794
373264,8794
373247,8795
373249,8795
373250,8795
373259,8795
373255,8796
373260,8796
373262,8796
373263,8796
373266,8796
373252,8797
373254,8797
373265,8797
378185,8798
378190,8798
378202,8798
378227,8798
378229,8798
373269,8799
373310,8799
373318,8799
373275,8800
373271,8801
373303,8801
373297,8802
373301,8803
373304,8803
373309,8803
373316,8803
373327,8803
373296,8804
373323,8804
373273,8805
381563,8805
381565,8805
373281,8806
373293,8806
373312,8806
373324,8806
373319,8807
373300,8808
373315,8808
377982,8808
378011,8808
373270,8809
373272,8809
373278,8809
373284,8809
373287,8809
373302,8809
373274,8810
373283,8810
373314,8810
373331,8810
379101,8810
373279,8811
373286,8812
373288,8812
373313,8812
373330,8812
373326,8813
373267,8814
373292,8814
373325,8814
373329,8814
373291,8815
373306,8815
373308,8816
373320,8816
373277,8817
373305,8817
373268,8818
373280,8819
373295,8819
373307,8819
373321,8819
373282,8820
373298,8820
373276,8821
373289,8821
373290,8821
373328,8821
373285,8822
381556,8822
373311,8823
373299,8824
373317,8824
373322,8824
373340,8825
373348,8825
373366,8825
373372,8825
373387,8825
373332,8826
373353,8826
373361,8826
373365,8826
373370,8826
373399,8826
373345,8827
373349,8828
373377,8828
373382,8828
373391,8828
373339,8829
373364,8829
373375,8829
373383,8829
373389,8829
373337,8830
373343,8830
373386,8830
382181,8830
373384,8831
373396,8831
373354,8832
373395,8833
381637,8833
373336,8834
373359,8834
373385,8834
373346,8835
373373,8835
373390,8835
373398,8835
378572,8835
373333,8836
373347,8836
373357,8836
373363,8836
373400,8837
373335,8838
373350,8838
373355,8838
373369,8838
373401,8838
381648,8838
373351,8839
373358,8839
373371,8839
373374,8839
373397,8839
373381,8840
373380,8841
373341,8842
373352,8842
373334,8843
373342,8843
373393,8843
373394,8844
373356,8845
373362,8845
373367,8845
373379,8845
373388,8845
373344,8846
373376,8846
373378,8846
379214,8846
380088,8846
373338,8847
373360,8847
373368,8849
373392,8849
373405,8850
373416,8850
373403,8851
373410,8851
373415,8851
373422,8851
373429,8851
373419,8852
373423,8852
373404,8853
373424,8853
373427,8853
373428,8853
373409,8854
373421,8854
373430,8854
380099,8854
380276,8854
380880,8854
373408,8855
373413,8855
373418,8855
373431,8855
373412,8856
373417,8856
373426,8856
373432,8856
373402,8857
373406,8857
373407,8857
373414,8857
373420,8857
373411,8858
373425,8859
373458,8860
373460,8860
379091,8860
373443,8861
373469,8861
373471,8861
373436,8862
373439,8862
373449,8862
373463,8863
373466,8863
373475,8863
373444,8864
373453,8864
373454,8864
373467,8864
373474,8864
381476,8864
373433,8865
373445,8865
373452,8865
373472,8866
373435,8867
373437,8867
373442,8867
373446,8867
373455,8867
373459,8867
373473,8867
373434,8868
373447,8868
373462,8868
373465,8868
373441,8869
373456,8869
373470,8869
373438,8870
373451,8870
373457,8870
373461,8870
373464,8870
373468,8870
373440,8871
373448,8871
373450,8871
373483,8872
373493,8872
373513,8872
373531,8872
373476,8873
373522,8873
373507,8874
373494,8875
373500,8875
373505,8875
373479,8876
373484,8876
373504,8876
373511,8876
373512,8876
378511,8876
373486,8877
373492,8877
373508,8877
373514,8877
373478,8878
373521,8878
373525,8878
373527,8878
373487,8879
373491,8879
373520,8879
373523,8879
373526,8879
373499,8880
373515,8880
373518,8880
373481,8881
373485,8881
373524,8881
373501,8882
373516,8882
373488,8883
373496,8883
373519,8883
373490,8884
373495,8884
373498,8884
373506,8884
373510,8884
373480,8885
373517,8885
373534,8885
373482,8886
373503,8886
373530,8886
373477,8887
373489,8887
373497,8887
373528,8887
373529,8887
373533,8887
373502,8888
373509,8888
373532,8888
373553,8889
373640,8890
373643,8890
373537,8891
373549,8891
373584,8891
373586,8891
373589,8891
373615,8891
373626,8891
373628,8891
373580,8892
373585,8892
373611,8892
373541,8893
373548,8893
373592,8893
373601,8893
373614,8893
373575,8894
373621,8894
373555,8895
373594,8895
373624,8895
373647,8895
373554,8896
373612,8896
381508,8896
373599,8897
373610,8897
373630,8897
373633,8897
373570,8898
373602,8898
373546,8899
373571,8900
373588,8900
373603,8900
373607,8900
373539,8901
373604,8901
373617,8901
373579,8902
373629,8902
373639,8903
373582,8904
373623,8904
373632,8904
383423,8904
373552,8905
373568,8905
373583,8905
373535,8906
373573,8906
373590,8907
373638,8907
373550,8908
373635,8908
373542,8909
373627,8909
373560,8910
373595,8910
373596,8910
373551,8911
373562,8911
373581,8911
373593,8911
373598,8911
373636,8911
373540,8912
373559,8912
373561,8912
373616,8912
373618,8912
373574,8913
373591,8913
373619,8913
373645,8913
383421,8913
373558,8914
373563,8914
373646,8915
373536,8916
373565,8916
373566,8916
373625,8916
373637,8916
390717,8916
373557,8917
373587,8917
373600,8917
373606,8917
373644,8917
373556,8918
373564,8918
373577,8918
373649,8918
373538,8919
373544,8920
373545,8920
373569,8920
373576,8920
373622,8920
373631,8920
373572,8921
373613,8921
373620,8921
378283,8921
373567,8922
373543,8923
373547,8923
373608,8923
373634,8923
373641,8923
373642,8923
373578,8924
373597,8925
373605,8926
373609,8926
373648,8926
373734,8927
373740,8928
376112,8928
376136,8928
376423,8928
376937,8928
377244,8928
373664,8929
373705,8929
373707,8929
373744,8929
373710,8930
373730,8930
373708,8931
373720,8931
373659,8932
373662,8933
373673,8933
373689,8933
373733,8933
373753,8933
373657,8934
373679,8934
373722,8934
373687,8935
373697,8935
373717,8935
373725,8935
373726,8935
373675,8936
373704,8936
373706,8936
373721,8936
373739,8936
373743,8936
373715,8937
373729,8937
373690,8938
373742,8938
373666,8939
373672,8939
373691,8939
373694,8939
373695,8939
373718,8939
373727,8939
373749,8940
373685,8941
373701,8941
373656,8942
373663,8942
373671,8942
373700,8942
373702,8943
373713,8943
373738,8943
373667,8944
373750,8944
373686,8945
373696,8945
373650,8946
373660,8946
373674,8946
373709,8946
373724,8946
373678,8947
373680,8947
373703,8947
373732,8947
373755,8947
373654,8948
373661,8948
373668,8948
373693,8948
373712,8949
373728,8949
381236,8949
373748,8950
373653,8951
373658,8951
373665,8951
373731,8951
373736,8951
373746,8951
373676,8952
373677,8952
376100,8952
376724,8952
377281,8952
373683,8953
373698,8953
373652,8954
373692,8954
373655,8955
373716,8955
373699,8956
373714,8956
373723,8956
373747,8956
373752,8956
373682,8957
373745,8958
373651,8959
373670,8959
373681,8959
373684,8959
373719,8959
373766,8960
373822,8960
373758,8961
373765,8961
373772,8961
373800,8961
373803,8961
373808,8961
373805,8962
373779,8963
373796,8963
373773,8965
373780,8965
373781,8965
373791,8965
373778,8966
373819,8966
373828,8966
373830,8966
373811,8967
373829,8967
373764,8968
373768,8968
373770,8968
373782,8968
373831,8968
373759,8969
373777,8969
373785,8969
373790,8969
373810,8969
373817,8969
373824,8969
373767,8970
373786,8970
373792,8970
373804,8970
373812,8970
373816,8970
373825,8970
373826,8970
373793,8971
373783,8972
373788,8972
373799,8972
373802,8972
373807,8972
373814,8972
373818,8972
373823,8972
373756,8973
373761,8973
373762,8973
373771,8973
373809,8973
373784,8974
373787,8974
373795,8975
373801,8976
373763,8977
373775,8977
373776,8977
373797,8977
373806,8977
373815,8978
378386,8978
373798,8979
373813,8979
373789,8980
373820,8980
373832,8981
379014,8981
373858,8982
373884,8982
373911,8982
373838,8983
373845,8983
373854,8983
373859,8983
373863,8983
373917,8983
373841,8984
373876,8984
373895,8984
373901,8984
373847,8985
373886,8985
373891,8985
373924,8985
373871,8986
373840,8987
373864,8987
373885,8987
373905,8987
373857,8988
373896,8988
373919,8988
373870,8989
373873,8989
373909,8989
373926,8989
373834,8990
373897,8990
373922,8990
373846,8991
373853,8991
373855,8991
373874,8991
373888,8991
373918,8991
373848,8992
373849,8992
373880,8992
373914,8992
373833,8993
373925,8993
373861,8994
373839,8995
378417,8995
378418,8995
378421,8995
373881,8996
373892,8996
373852,8997
373836,8998
373872,8998
373878,8998
373890,8998
373920,8998
373923,8998
373865,8999
373866,8999
373887,8999
373903,8999
373915,8999
373916,8999
373875,9000
373889,9000
373837,9001
373843,9001
373856,9001
373869,9001
373906,9001
373844,9002
373860,9002
373882,9002
373902,9002
373835,9003
373867,9003
373910,9003
376235,9003
373842,9004
373850,9004
373879,9004
373894,9004
373908,9004
373877,9005
373862,9006
373913,9006
377111,9006
373868,9007
373893,9007
373898,9007
373899,9007
373900,9007
373904,9007
373921,9007
373851,9008
373883,9008
373907,9008
373912,9008
373959,9009
374036,9009
374050,9009
374013,9010
373963,9011
374023,9011
373938,9012
373930,9013
373951,9013
373953,9013
373954,9014
373996,9014
374014,9014
374019,9014
374025,9014
374027,9014
374028,9014
374031,9014
374035,9014
374018,9015
373928,9016
374024,9016
374029,9016
373995,9017
374046,9017
374053,9017
374001,9018
373934,9019
373964,9019
374030,9019
373935,9020
373936,9020
373960,9021
374016,9021
373991,9022
373943,9023
373945,9023
373967,9023
373999,9023
374011,9023
374047,9023
373947,9024
373988,9024
373940,9025
373966,9025
373971,9025
374037,9025
373950,9026
373984,9026
373993,9026
374010,9026
374020,9026
374021,9026
374022,9026
374038,9027
374051,9027
373933,9028
374032,9028
374056,9028
374000,9029
374017,9029
373942,9030
373974,9030
373981,9030
373985,9030
374042,9030
376339,9030
376631,9030
373968,9031
373972,9031
373997,9031
373998,9031
374008,9031
374009,9031
373986,9032
373989,9032
374026,9032
374034,9033
373949,9034
373980,9034
374049,9034
373962,9035
373927,9036
373975,9036
373977,9036
374039,9036
373957,9037
373965,9037
373978,9037
373990,9037
374043,9038
374048,9038
373987,9039
373992,9039
373956,9040
373970,9040
373983,9040
374003,9040
373946,9041
374040,9041
373931,9042
373932,9042
373955,9042
373958,9042
374052,9042
373944,9043
374054,9043
373969,9044
374044,9044
373948,9045
373973,9045
374055,9045
373929,9046
373979,9047
374041,9047
373937,9048
373952,9048
373961,9048
373982,9048
373994,9048
374006,9048
374012,9048
374002,9049
374033,9049
374045,9049
373976,9050
374005,9050
374015,9050
374069,9051
374092,9052
374094,9052
374129,9052
374068,9053
374103,9053
374109,9053
374128,9053
374132,9053
374093,9054
374102,9054
374105,9054
374096,9055
374121,9055
374100,9056
374117,9056
374134,9056
374137,9056
381186,9056
374074,9057
374088,9057
374099,9057
374147,9057
374059,9058
374063,9058
374083,9058
374110,9058
374133,9058
374098,9059
374114,9059
374115,9059
379426,9059
380945,9059
381309,9059
374104,9060
374124,9060
374130,9060
374140,9060
374148,9060
374060,9061
374072,9061
374151,9061
378171,9061
374080,9062
374125,9062
374062,9063
374087,9063
374095,9063
374138,9063
378509,9063
374066,9064
374106,9064
374119,9064
374127,9064
374144,9064
374150,9064
374067,9065
374071,9065
374141,9065
374146,9065
374065,9066
374070,9066
374112,9066
374082,9067
374123,9067
374113,9068
374139,9068
374057,9069
374078,9069
374084,9069
374091,9069
374081,9070
374097,9070
374107,9070
374116,9070
374058,9071
374085,9071
374143,9071
374149,9071
374061,9072
374075,9072
374111,9072
374126,9072
374136,9072
374089,9073
374131,9073
376453,9073
376611,9073
377134,9073
374064,9074
374073,9074
374077,9074
374090,9074
374145,9074
374086,9075
374153,9076
374181,9076
374195,9076
374196,9076
374203,9076
374206,9076
374162,9077
374165,9077
374198,9077
374177,9078
374190,9078
374193,9078
374164,9079
374168,9079
374171,9079
374180,9079
374187,9079
374192,9079
374154,9080
374160,9080
374175,9080
374178,9080
374184,9080
374188,9080
374189,9080
374201,9080
374159,9081
374163,9082
374167,9082
374200,9082
374156,9083
374170,9083
374183,9083
374186,9083
374207,9083
374208,9083
374194,9084
374202,9084
374169,9085
374185,9085
374209,9085
374157,9086
374191,9086
374197,9086
374199,9087
374210,9087
374158,9088
374161,9088
374174,9088
374176,9088
374179,9088
374182,9088
374204,9088
374152,9089
374155,9089
374166,9089
374172,9089
374173,9089
374205,9089
374225,9090
374249,9090
374270,9090
374244,9091
374219,9092
374216,9093
374250,9093
374262,9093
374213,9094
374229,9094
374236,9094
374258,9094
374274,9094
374248,9095
374275,9096
374227,9097
374255,9097
374260,9097
374226,9098
374215,9099
374218,9099
374235,9099
374247,9099
374264,9099
374271,9099
374272,9099
374232,9101
374259,9101
374261,9101
382342,9101
382352,9101
374266,9102
374268,9102
374228,9103
374265,9103
374241,9104
374269,9104
374211,9105
374243,9105
374245,9105
374246,9105
374252,9105
374254,9105
374220,9106
374231,9107
382426,9107
374224,9108
374237,9108
374277,9108
374276,9109
378501,9109
374221,9110
374234,9110
374240,9110
374253,9110
374256,9110
374251,9111
374217,9112
374222,9112
374223,9112
374230,9112
374263,9112
374267,9112
374273,9112
374257,9113
374212,9114
374214,9114
374238,9114
374242,9114
374294,9115
374306,9115
374283,9116
374296,9116
374300,9116
374302,9116
374310,9116
374282,9117
374290,9117
374291,9117
374292,9117
374299,9117
374305,9117
374307,9117
374308,9117
374280,9118
374281,9118
374286,9118
374287,9118
374297,9118
374309,9118
374311,9118
374284,9119
374289,9119
374295,9119
374298,9119
374278,9120
374279,9120
374285,9120
374288,9120
374293,9120
374301,9120
374303,9120
374304,9120
374328,9121
374314,9122
374324,9122
374343,9122
374337,9123
374340,9123
374315,9124
374326,9124
374327,9124
374330,9124
374331,9124
374336,9124
374342,9124
374312,9125
374313,9125
374318,9125
374323,9125
374339,9125
374344,9125
374319,9126
374320,9126
374338,9126
374316,9127
374333,9127
374334,9127
374325,9128
374329,9128
374341,9128
374317,9129
374321,9129
374322,9129
374332,9129
374335,9129
374351,9130
374359,9130
374364,9130
374388,9130
374395,9130
374353,9131
374357,9131
374363,9131
374386,9131
374392,9131
374397,9131
374352,9132
374375,9133
374376,9133
374380,9133
374389,9134
374385,9135
374370,9136
374374,9136
374377,9136
374378,9136
374387,9136
374390,9136
374349,9137
374367,9137
374371,9137
374354,9138
374369,9138
374381,9138
374383,9139
374372,9140
374360,9141
374365,9141
374396,9141
374366,9142
374393,9142
374345,9143
374348,9143
374361,9143
374373,9143
374391,9143
374350,9144
374356,9144
374362,9144
374368,9144
374384,9144
374405,9145
374406,9145
374445,9145
374453,9145
374455,9145
374475,9145
374401,9146
374403,9146
374410,9146
374479,9146
374411,9147
374470,9147
374400,9149
374422,9149
374468,9149
374473,9149
374416,9150
374429,9150
374437,9150
374458,9150
374415,9151
374425,9151
374432,9151
374443,9151
374467,9151
374407,9152
374436,9152
374447,9152
374465,9152
374469,9152
374480,9152
374399,9153
374476,9153
374478,9153
374414,9154
374420,9154
374435,9154
374404,9155
374441,9155
374454,9155
374462,9155
374412,9156
374427,9156
374430,9156
374463,9156
374450,9157
374398,9158
374419,9158
374439,9158
374442,9158
374449,9158
374460,9158
374471,9158
374434,9159
374448,9159
374457,9159
374446,9160
374417,9161
374451,9161
374466,9161
374402,9162
374413,9165
374423,9165
374426,9165
374428,9165
374431,9165
374456,9165
374459,9165
374421,9166
374464,9166
374477,9166
374418,9167
374474,9167
374409,9168
374424,9168
374433,9168
374438,9168
374444,9168
374452,9168
374461,9168
374408,9169
374472,9169
374481,9171
374493,9171
374497,9171
374498,9171
374518,9171
374482,9172
374483,9173
374500,9173
374517,9173
374519,9173
374524,9173
374528,9173
374530,9173
374484,9174
374494,9174
374495,9174
374499,9174
374504,9174
374505,9174
374512,9174
374485,9175
374501,9175
374507,9175
374509,9175
374534,9175
374488,9176
374490,9176
374537,9176
374536,9177
374535,9178
374539,9178
374491,9179
374527,9179
374496,9180
374502,9180
374515,9180
374503,9181
374510,9181
374522,9182
374506,9183
374508,9183
374511,9183
374529,9183
374531,9183
374532,9183
374513,9184
374516,9184
374523,9184
374533,9184
374538,9184
374542,9185
374546,9185
374549,9185
374568,9185
374572,9185
374559,9186
374564,9186
374567,9186
374570,9187
374571,9188
374540,9189
374541,9189
374543,9189
374544,9189
374545,9189
374547,9189
374554,9189
374563,9189
374552,9190
374556,9190
374558,9190
374548,9191
374557,9191
374562,9191
374560,9192
374553,9194
374555,9194
374565,9194
374594,9195
378220,9196
378231,9196
378262,9196
381990,9196
382030,9196
374576,9197
374603,9197
374604,9197
374574,9198
374578,9198
374580,9198
374584,9198
374602,9198
374573,9199
374575,9199
374589,9199
374599,9199
374605,9199
374579,9200
374587,9200
374595,9200
374583,9201
374590,9201
374593,9201
374597,9201
374586,9202
374582,9203
374585,9203
374592,9203
374601,9203
374577,9204
374588,9204
374591,9204
374596,9204
374598,9204
374600,9204
374651,9205
374654,9205
374616,9206
374622,9206
374634,9206
374639,9206
374640,9206
374653,9206
377641,9206
377646,9206
377652,9206
374644,9207
374625,9208
374632,9208
374633,9208
374635,9208
374607,9209
374613,9210
374618,9210
374623,9210
374628,9210
374650,9210
374660,9210
374614,9211
374619,9211
374630,9212
374645,9212
374606,9213
374615,9213
374621,9213
374609,9214
374636,9214
381662,9214
374617,9215
374641,9215
374656,9215
374657,9215
374661,9215
378324,9215
374608,9216
374611,9216
374626,9216
374629,9216
374662,9216
374663,9216
374631,9217
374642,9217
374646,9217
374648,9217
374652,9217
374624,9218
374637,9218
374643,9218
374655,9218
374610,9219
374612,9219
374658,9219
374659,9219
374666,9220
374668,9220
374669,9220
374672,9220
374705,9220
374702,9221
374710,9221
374686,9222
374692,9222
374699,9223
374700,9223
374707,9223
374667,9224
374671,9224
374694,9224
374696,9224
374701,9224
374709,9224
377051,9225
377107,9225
374676,9226
374680,9226
374693,9226
374677,9227
374684,9227
374679,9228
374687,9228
374688,9228
374689,9228
374690,9228
374697,9228
374706,9228
374708,9228
380308,9228
381295,9228
374664,9229
374665,9229
374670,9229
374673,9229
374682,9229
374683,9229
379468,9229
381302,9229
374675,9230
374685,9230
374681,9231
374703,9231
374704,9231
374674,9232
374678,9232
374691,9232
374695,9232
374698,9232
374718,9233
374720,9233
374723,9233
374724,9233
374744,9233
374736,9234
374722,9235
374745,9235
374717,9236
374749,9236
374753,9236
374715,9237
374716,9237
374728,9237
374730,9237
374733,9237
374735,9237
374743,9237
374748,9237
374714,9238
374719,9238
374721,9238
374726,9238
374742,9238
374729,9239
374755,9239
374747,9240
374750,9240
374754,9240
374725,9241
374752,9241
374713,9242
374727,9242
374739,9242
374711,9243
374734,9243
374738,9243
374751,9243
374731,9244
374732,9244
374741,9244
374712,9245
374737,9245
374740,9245
374746,9246
374762,9247
374763,9247
374768,9247
374789,9247
374830,9247
374766,9248
374793,9248
374759,9249
374771,9249
374784,9249
374804,9249
374817,9249
374769,9250
374801,9250
374822,9250
374825,9250
374773,9251
374829,9251
374795,9252
374797,9252
374819,9252
374757,9253
374767,9253
374778,9253
374798,9253
374808,9253
377705,9253
374775,9254
374787,9254
374805,9254
374813,9254
374814,9254
374816,9254
374760,9255
374777,9255
374792,9255
374812,9255
374815,9255
374818,9255
374774,9256
374806,9256
374783,9257
374802,9257
374824,9257
374782,9258
374791,9258
374810,9258
374832,9258
381478,9258
374761,9259
374765,9259
374788,9259
374799,9259
374756,9260
374758,9260
374770,9260
374786,9260
374790,9260
374827,9260
374781,9261
374820,9261
374823,9261
374794,9262
374803,9262
381483,9262
374776,9263
374779,9263
374811,9263
374826,9263
374772,9264
374780,9264
374809,9264
374831,9264
374785,9265
374796,9265
374800,9265
374807,9265
374828,9265
374764,9266
374821,9266
374838,9267
374841,9267
374844,9267
374850,9267
374852,9267
374848,9268
374855,9268
374861,9268
374837,9271
374840,9271
374862,9271
374834,9272
374835,9274
374846,9274
374847,9274
374849,9274
374851,9274
374860,9274
374833,9276
374836,9276
374839,9276
374845,9276
374856,9276
374857,9276
374863,9277
374843,9278
374858,9278
374859,9278
374866,9279
374873,9279
374882,9279
374892,9279
374897,9279
374886,9280
374891,9280
374879,9281
374883,9281
374896,9281
374874,9282
374898,9282
374867,9283
374881,9283
374884,9283
374888,9283
374895,9283
374868,9284
374869,9284
374870,9284
374872,9284
374889,9284
374893,9284
374871,9285
374878,9286
374880,9286
374885,9286
374875,9287
374876,9287
374894,9287
374877,9288
374887,9288
374890,9288
375887,9288
374903,9289
374904,9289
374909,9289
374931,9289
374901,9290
374916,9290
374936,9290
374907,9291
374908,9291
374915,9291
374917,9291
374927,9291
374910,9292
374911,9292
374919,9292
374923,9292
374925,9292
374906,9293
374926,9293
374929,9293
374935,9293
374937,9293
374918,9294
374934,9294
374902,9295
374905,9295
374933,9295
374900,9296
374938,9296
374930,9297
374920,9298
374922,9298
374924,9298
379696,9298
379756,9298
374914,9299
374928,9299
379805,9299
379828,9299
380450,9299
374899,9300
374912,9300
374913,9300
374921,9300
374932,9300
374950,9301
374953,9301
374965,9301
374968,9301
374942,9302
374976,9302
374943,9303
374958,9303
374975,9303
374939,9304
374949,9304
374959,9304
374969,9304
374977,9304
374948,9305
374954,9305
374957,9305
374946,9306
374947,9306
374964,9306
374945,9307
374952,9307
374960,9307
374970,9307
374973,9307
374944,9308
374951,9308
374955,9308
374961,9308
374962,9308
374966,9308
374967,9308
374940,9309
374941,9309
374956,9309
374963,9309
374971,9309
374972,9309
374974,9310
374978,9310
374992,9311
374982,9312
374998,9312
375002,9312
375016,9312
375023,9312
375038,9312
374984,9313
375028,9313
374993,9314
374995,9314
375005,9314
375011,9314
375014,9314
375019,9314
375031,9314
375035,9314
378576,9315
381982,9315
374988,9316
374999,9316
375009,9316
375015,9316
375025,9316
375034,9316
375037,9316
375041,9316
380867,9316
374989,9317
375030,9317
375036,9317
375001,9318
375007,9318
375021,9318
380035,9318
380860,9318
374991,9319
375024,9319
375029,9320
375042,9320
374983,9321
375018,9321
378779,9321
378797,9321
374990,9322
374994,9322
374997,9322
375012,9322
374996,9323
375039,9323
374980,9324
375017,9324
375020,9325
374986,9326
374987,9326
375000,9326
374981,9327
375026,9327
374985,9328
375013,9328
375032,9328
375006,9329
375003,9330
375008,9330
375010,9330
375033,9330
375043,9330
375054,9331
385601,9331
385606,9331
385607,9331
385608,9331
385614,9331
375065,9332
375105,9332
385602,9332
385615,9332
375045,9333
375062,9333
375071,9333
375079,9333
375085,9333
375097,9333
375075,9334
377241,9334
378305,9334
378322,9334
375061,9335
375068,9335
375082,9335
375099,9335
375044,9336
375050,9336
375051,9336
375101,9336
375047,9337
375053,9337
375098,9338
375106,9338
375080,9339
375103,9339
375107,9339
375067,9340
375089,9340
375092,9340
375057,9341
375066,9341
375072,9341
375100,9341
375060,9342
375070,9342
375084,9342
375108,9342
375069,9343
375087,9343
386738,9343
386740,9343
386741,9343
386742,9343
386743,9343
375076,9344
375086,9344
375088,9344
375090,9344
375109,9344
375055,9345
375056,9345
375063,9345
375064,9345
375077,9345
375091,9345
386737,9346
386739,9346
386744,9346
375048,9347
375049,9347
375074,9347
375078,9347
375081,9347
375052,9348
375096,9348
375104,9348
375058,9349
375059,9349
375073,9349
375094,9349
375095,9349
375102,9349
375046,9350
375083,9350
375093,9350
375110,9351
375111,9351
375120,9351
375128,9351
375141,9351
375144,9351
375148,9351
375112,9354
375126,9354
375139,9354
375153,9354
375150,9355
375151,9355
375156,9355
375114,9356
375118,9356
375149,9356
375152,9356
375121,9357
375122,9357
375130,9358
375140,9358
375142,9358
375146,9358
375154,9358
375155,9358
375119,9359
375124,9359
375145,9359
375125,9360
375134,9360
375137,9360
375138,9360
375143,9360
375136,9361
375116,9362
375127,9362
375133,9362
375135,9362
381676,9362
381677,9362
381678,9362
381679,9362
381680,9362
381681,9362
375113,9363
375115,9363
375117,9363
375123,9363
375129,9363
375131,9363
375132,9363
375147,9363
375195,9364
375198,9364
375203,9364
375204,9364
375211,9364
375157,9365
375171,9365
375189,9365
375193,9365
375197,9365
375172,9366
375180,9366
382513,9366
382566,9366
375191,9367
375192,9367
375194,9367
375199,9367
375213,9367
375222,9367
394644,9367
375207,9368
375165,9369
375223,9369
375164,9370
375214,9370
375216,9370
375218,9370
375227,9370
375229,9370
375167,9371
375185,9371
375173,9372
375206,9372
375209,9372
375221,9372
375224,9372
375230,9372
375163,9373
375200,9373
375212,9373
375226,9373
375228,9373
375160,9374
375175,9374
375176,9374
375177,9374
375179,9374
375190,9374
375159,9375
375170,9375
375174,9375
375205,9375
375219,9375
375158,9376
375162,9376
375186,9376
375187,9376
375168,9377
375169,9377
375196,9377
375210,9377
375220,9377
375225,9377
396082,9377
396120,9377
375166,9378
375178,9378
375182,9378
375188,9378
375183,9379
375208,9379
375215,9379
375217,9379
375181,9380
375184,9380
375201,9380
375202,9380
375161,9381
375238,9382
375252,9382
375241,9383
375242,9383
375246,9383
375257,9383
375231,9384
375240,9384
375245,9384
375254,9384
375261,9384
375260,9385
375232,9386
375233,9386
375234,9386
375235,9386
375250,9386
375255,9386
375259,9386
375244,9387
375258,9387
375237,9388
375249,9388
379040,9388
379050,9388
379055,9388
375239,9389
375243,9389
375247,9389
375248,9389
375253,9389
375256,9389
382234,9389
375236,9390
375251,9390
375265,9391
375271,9391
375284,9391
375291,9391
375268,9392
375269,9392
375273,9392
375294,9392
375295,9392
375299,9392
375281,9393
375293,9393
375286,9394
375298,9394
375276,9395
375288,9395
375302,9395
375274,9396
379540,9396
380591,9396
381126,9396
381223,9396
375270,9397
375272,9397
375303,9397
375306,9397
375297,9398
375304,9398
375264,9399
375266,9399
375278,9399
375283,9399
375279,9400
375262,9401
375280,9401
375287,9401
375292,9401
375296,9401
375308,9401
375275,9402
375289,9402
375290,9402
375307,9402
375305,9403
379621,9403
379648,9403
380071,9403
380410,9403
381123,9403
381202,9403
375310,9404
375330,9404
375316,9405
375318,9405
375323,9405
375324,9405
375331,9405
375334,9405
375339,9405
375340,9405
375341,9405
375345,9405
375346,9405
375319,9406
375312,9407
375315,9407
375321,9408
375322,9408
375325,9408
375329,9408
375337,9408
375347,9408
375311,9409
375333,9409
375342,9409
375343,9409
375313,9410
375314,9410
375320,9410
375326,9410
375335,9410
375338,9410
378446,9411
378447,9411
378468,9411
382892,9411
382897,9411
375317,9412
375348,9412
375336,9413
375344,9413
375309,9414
375327,9414
375328,9414
375332,9414
375349,9415
375350,9415
375362,9415
375380,9415
375392,9415
384279,9415
375355,9416
375367,9416
375371,9416
375405,9416
375416,9416
375377,9417
375354,9418
375360,9418
375387,9418
375388,9418
375404,9418
375410,9418
375366,9419
375398,9419
375370,9420
375389,9421
375401,9421
375414,9421
375390,9422
381072,9422
375351,9423
375368,9423
375384,9423
375374,9424
375403,9424
375411,9424
375412,9424
375413,9424
375352,9425
375363,9425
375364,9425
375382,9425
375383,9425
375394,9425
375395,9426
375400,9426
375406,9426
375407,9426
375356,9427
375375,9427
375391,9427
380472,9427
380647,9427
375359,9428
375361,9428
375365,9428
375385,9428
375399,9428
375358,9429
375378,9429
375415,9429
375373,9430
375379,9430
375372,9431
375402,9431
375408,9431
375409,9431
375386,9432
375393,9432
375353,9433
375376,9433
375381,9433
375396,9433
375397,9433
375419,9434
375423,9434
375429,9434
375426,9435
375427,9435
375430,9435
375435,9435
375436,9435
382281,9435
375421,9436
375441,9436
375428,9437
375422,9438
375431,9438
375434,9438
375420,9439
375424,9439
375440,9439
375445,9439
382285,9439
375425,9440
375433,9440
375439,9441
375432,9442
375437,9442
375443,9442
375522,9443
375455,9444
375456,9445
375481,9445
375483,9445
375454,9446
375474,9446
375498,9447
375533,9447
375448,9448
375451,9448
375469,9448
375484,9448
375492,9448
375450,9449
375463,9449
375464,9449
375488,9449
375504,9449
375470,9450
375476,9451
375519,9451
375495,9452
375503,9453
375511,9453
375529,9453
375536,9453
375512,9454
375531,9455
378070,9455
378160,9455
375462,9456
375482,9456
375485,9456
375491,9456
375497,9456
375525,9456
375507,9457
375534,9457
375537,9457
378082,9457
375460,9458
375467,9458
375494,9458
375528,9459
375472,9460
375487,9460
375502,9460
375506,9460
375515,9460
375518,9460
376604,9460
375499,9461
375514,9462
375452,9463
375457,9463
375475,9463
375490,9463
375523,9463
375465,9464
375510,9464
375521,9464
375535,9464
375540,9464
375478,9465
375517,9465
375501,9466
375526,9466
375447,9467
375496,9467
375500,9467
375516,9467
375466,9468
375471,9468
375449,9469
375458,9469
375480,9469
375489,9469
375520,9469
375530,9469
375468,9470
375493,9471
375524,9471
375527,9471
375532,9471
375568,9472
375557,9473
375541,9474
375549,9474
375550,9474
375566,9474
375570,9475
375578,9475
375582,9475
375569,9476
375556,9477
375581,9477
375558,9478
375545,9479
375553,9479
375561,9479
375576,9479
375551,9480
375583,9480
375559,9481
375563,9481
375544,9482
375567,9482
375572,9482
375547,9483
375554,9483
375564,9484
375574,9484
375543,9485
375560,9485
375562,9485
375552,9486
375565,9486
375571,9486
375542,9487
375546,9487
375580,9487
375548,9488
375555,9488
375575,9488
375573,9489
375577,9489
375579,9489
375586,9490
375587,9490
375588,9490
375589,9490
375594,9490
375591,9491
375584,9492
375585,9493
375590,9493
375597,9493
375600,9493
375601,9493
375602,9493
376277,9494
376323,9494
376343,9494
375599,9495
375618,9496
375615,9497
375617,9497
375620,9497
375621,9497
375623,9497
375610,9498
375612,9498
375616,9498
375622,9498
380677,9498
375624,9499
375608,9500
375607,9501
375614,9501
375605,9502
375606,9503
375609,9503
375611,9503
375619,9503
375613,9504
375634,9505
375639,9505
375644,9505
375645,9505
375647,9505
375626,9506
375631,9507
375636,9507
375642,9508
375632,9509
375638,9509
375641,9509
375643,9509
375648,9509
375625,9510
375630,9510
375640,9510
375649,9510
375627,9511
375628,9511
375629,9511
375633,9511
375635,9511
375646,9511
375650,9511
375651,9512
375663,9513
375674,9513
376694,9513
375676,9514
375889,9514
375659,9515
375655,9516
375656,9516
375657,9516
375660,9516
375665,9516
375669,9516
375652,9517
375653,9518
375668,9518
375664,9519
375661,9520
375666,9520
375672,9521
375662,9522
375671,9522
375675,9523
375654,9524
375658,9524
375667,9524
375670,9524
375673,9524
375700,9525
375709,9526
379745,9526
380430,9526
380694,9526
381032,9526
375685,9528
375692,9528
375690,9529
375697,9529
375710,9529
380059,9529
375705,9530
375677,9531
375681,9531
375684,9531
375687,9531
375707,9531
375686,9532
375701,9532
375711,9532
375712,9532
375714,9532
375680,9534
375688,9534
375689,9534
375691,9534
375706,9534
375678,9535
375682,9535
375683,9535
375698,9535
375679,9536
375693,9536
375699,9536
375713,9536
375696,9537
375702,9537
375694,9538
375695,9538
375703,9538
375704,9538
375708,9538
375718,9539
375719,9539
375721,9539
375723,9539
375728,9539
375715,9540
375720,9540
375724,9540
375716,9541
375717,9541
375722,9541
375725,9541
375726,9541
375727,9542
375729,9542
375730,9543
375731,9543
375732,9543
375734,9543
375735,9543
375743,9543
375739,9544
375744,9544
375745,9544
375733,9545
375737,9545
375738,9545
375740,9546
375741,9546
375742,9546
375736,9547
375756,9548
375767,9548
375785,9548
375796,9548
375811,9548
375812,9548
375818,9548
375803,9549
375750,9550
375752,9550
375799,9550
375821,9550
375829,9550
375762,9551
375774,9551
375804,9551
375813,9551
375746,9552
375759,9552
375766,9552
375823,9552
375828,9552
375749,9553
375783,9553
375814,9553
375747,9554
375757,9554
375763,9554
375764,9554
375765,9554
375768,9554
375795,9554
375827,9554
375782,9555
375770,9556
375784,9556
375789,9556
375792,9556
375793,9556
375760,9557
375772,9557
375776,9557
375778,9557
375805,9557
375815,9557
375817,9557
375825,9557
375830,9557
375801,9558
375748,9559
375761,9559
375771,9559
375820,9559
375754,9560
375791,9560
375822,9560
375786,9561
375758,9562
375787,9562
375798,9562
375810,9562
375824,9562
375826,9562
375769,9563
375775,9563
375781,9563
375794,9563
375797,9563
375808,9563
375753,9564
375790,9564
375809,9564
375816,9564
375802,9565
375819,9565
375751,9566
375755,9566
375773,9567
375777,9567
375780,9567
375779,9568
375800,9568
375788,9569
375806,9569
375831,9570
375832,9570
375833,9570
375854,9571
375865,9571
375875,9571
375879,9571
375841,9572
375876,9572
375884,9572
375861,9573
375878,9573
375850,9574
375863,9574
375868,9574
375870,9574
375873,9574
375851,9575
375860,9575
375838,9576
375840,9576
375843,9576
375845,9576
375853,9576
375858,9576
375866,9576
375867,9576
375849,9577
375852,9577
375877,9577
375883,9577
375885,9577
375835,9578
375848,9579
375864,9579
375872,9579
375881,9579
375839,9580
375859,9580
375871,9580
375880,9580
375837,9581
375862,9581
375882,9581
375836,9582
375844,9582
375846,9582
375855,9582
375842,9583
375847,9583
375856,9583
375857,9583
375869,9583
375874,9583
375886,9583
375894,9584
375896,9584
375890,9585
375891,9585
375892,9585
375893,9585
375895,9585
375907,9586
375910,9586
375912,9586
375914,9586
375918,9586
375904,9587
375916,9587
375899,9589
375900,9589
375905,9589
375917,9589
375919,9589
375922,9589
375902,9591
375906,9591
375909,9591
375911,9591
375913,9591
375920,9591
375898,9592
375901,9592
375903,9592
375921,9592
379626,9592
381021,9592
375897,9593
375915,9593
375959,9594
375963,9594
375973,9594
375924,9595
375939,9595
375975,9595
375948,9596
375968,9596
376269,9596
375941,9597
375952,9597
375961,9597
375934,9598
375950,9598
375938,9599
375944,9599
375955,9599
375925,9600
375928,9600
375932,9600
375946,9600
375962,9600
375974,9600
375977,9600
377074,9600
379555,9600
375945,9601
375947,9601
375978,9601
375926,9603
375931,9603
375970,9603
375923,9604
375933,9604
375960,9604
375936,9605
375958,9605
375969,9606
375971,9606
375935,9607
375954,9607
375965,9608
377928,9608
375951,9609
375953,9609
375964,9609
375966,9609
375979,9609
375927,9610
375930,9610
375967,9610
375929,9611
375937,9611
375940,9611
375942,9611
375943,9611
375957,9611
375972,9611
375976,9611
375949,9612
375956,9612
375983,9613
375990,9613
376000,9613
376001,9613
376014,9613
376007,9614
380948,9614
375982,9615
375995,9615
375996,9615
376006,9615
376010,9616
376011,9616
376015,9616
376002,9617
376008,9618
376012,9618
376013,9618
375981,9620
375991,9621
376005,9621
375980,9622
375993,9622
375997,9622
375994,9623
376009,9623
375984,9624
375998,9624
375999,9624
376016,9624
376017,9624
376402,9624
379712,9624
375988,9625
375989,9625
375992,9625
375985,9626
375987,9626
375986,9627
376003,9627
376004,9627
376036,9628
376024,9629
376029,9629
376020,9630
376021,9630
376028,9630
376034,9630
376023,9631
376026,9631
376033,9631
380058,9631
381227,9631
376019,9632
376022,9632
376025,9632
376031,9632
376018,9633
376035,9633
376037,9633
376039,9634
376040,9634
376043,9634
376038,9635
376041,9635
376042,9635
376044,9636
376050,9636
376053,9636
376054,9636
376056,9636
376061,9636
376045,9637
376046,9637
376051,9637
376055,9637
376058,9637
376060,9638
376048,9639
383269,9639
383274,9639
376052,9640
376059,9640
376047,9641
376049,9642
376057,9642
383296,9642
376070,9643
376065,9644
376063,9645
376064,9645
376066,9645
376067,9645
376068,9645
376069,9645
376071,9645
376072,9645
376074,9647
376075,9648
376076,9648
376077,9648
376078,9648
376079,9648
376081,9648
376073,9649
376080,9649
376082,9649
376083,9650
376405,9651
376752,9651
377023,9651
377102,9651
377179,9651
376532,9652
376113,9653
377027,9653
377140,9653
376324,9654
376946,9654
377176,9654
376221,9655
376603,9655
377002,9655
377011,9655
376379,9656
377099,9656
377192,9656
376296,9657
376462,9657
376607,9657
376795,9657
376817,9657
376582,9658
377249,9658
376889,9659
376458,9660
376643,9660
376581,9661
376862,9661
377050,9661
377070,9661
377235,9661
376089,9662
376948,9662
377213,9662
376143,9663
376196,9663
376515,9663
376726,9663
377145,9663
377160,9663
377162,9663
376165,9664
376449,9664
376474,9664
376542,9664
377040,9664
376106,9665
376385,9665
376714,9665
376821,9665
377135,9665
376412,9666
376675,9666
377202,9666
376095,9668
376557,9668
376957,9668
377593,9668
376225,9669
376920,9669
377221,9669
377272,9669
381937,9669
376615,9670
377036,9670
377230,9670
376661,9671
377189,9671
376399,9672
376766,9672
376900,9672
376199,9673
377039,9673
376178,9674
376711,9674
376571,9675
376762,9675
376162,9676
376847,9676
376864,9676
377062,9676
377104,9676
377114,9676
377255,9676
376499,9677
376664,9677
376839,9677
376984,9677
376424,9678
376849,9678
377060,9678
377254,9678
378161,9679
376094,9680
376164,9680
376255,9680
376107,9681
376504,9681
376715,9681
376760,9681
376805,9681
377282,9681
379634,9683
380354,9683
380733,9683
381022,9683
376137,9684
376206,9684
376265,9684
376632,9684
376701,9684
376843,9684
377220,9684
376641,9685
377218,9685
377075,9686
376943,9687
377178,9687
376658,9688
377215,9688
391479,9688
376373,9689
376656,9689
376993,9689
376481,9690
376960,9690
377159,9690
376918,9691
376929,9691
377049,9691
377139,9691
376156,9693
376983,9693
379617,9693
376317,9694
376500,9694
376529,9694
376530,9694
377019,9694
377121,9694
376088,9695
376332,9695
376844,9695
377259,9695
376285,9696
376247,9697
376484,9697
376510,9697
376520,9697
376706,9697
376781,9697
376949,9697
376700,9698
376850,9698
377065,9698
376331,9699
376827,9699
376972,9699
377137,9699
376461,9700
376883,9700
378708,9700
378710,9700
380282,9700
376906,9701
378423,9701
376098,9702
376187,9702
376541,9702
376755,9702
376239,9703
376673,9703
376910,9703
377231,9703
376321,9704
376270,9705
376629,9705
376780,9705
377054,9705
376502,9706
376728,9706
376888,9706
376908,9706
376310,9707
376396,9707
376591,9707
376674,9707
376731,9707
376738,9707
376756,9707
376297,9708
376829,9708
376893,9708
376151,9710
377185,9710
376149,9711
376548,9711
376635,9711
376717,9711
376735,9711
376944,9711
376668,9712
377205,9712
376353,9713
376460,9713
376477,9713
376523,9713
376859,9713
377260,9713
376161,9714
376193,9714
376299,9714
376363,9714
377186,9714
376444,9715
376687,9715
377091,9716
377098,9716
376394,9717
376773,9717
376186,9718
376569,9718
376809,9718
376836,9718
376644,9719
376279,9720
376431,9720
376642,9720
376833,9720
376911,9720
377257,9720
376806,9721
377198,9721
376479,9722
377043,9723
377219,9723
377270,9723
376190,9724
376720,9724
376426,9725
377066,9725
376545,9726
376691,9726
377289,9727
376854,9728
376354,9729
376763,9729
376874,9729
377033,9729
377128,9729
377209,9729
376482,9730
376676,9730
376172,9731
376370,9731
376377,9731
376804,9731
376975,9731
377028,9732
376522,9733
376586,9733
376903,9733
377029,9733
377122,9733
376525,9734
377118,9734
377158,9734
376211,9736
376246,9736
376750,9736
376895,9736
377124,9736
376783,9737
377288,9737
376166,9738
376229,9738
376314,9738
376580,9738
376765,9738
376940,9738
377073,9738
376134,9739
376730,9739
377284,9739
376387,9740
376139,9741
376942,9741
376980,9741
376181,9743
376352,9743
376486,9743
376563,9743
376639,9743
376697,9743
376881,9743
377007,9743
377032,9743
377057,9743
377238,9743
376411,9744
376450,9744
376456,9744
376547,9744
376593,9744
377056,9744
376257,9745
376814,9745
376389,9746
376713,9746
376761,9746
376825,9747
377173,9747
377287,9747
380387,9747
381176,9747
376472,9748
376290,9749
381347,9749
376463,9750
376785,9750
376810,9750
376448,9751
376800,9751
377097,9751
376111,9752
376745,9752
376259,9753
376685,9753
377141,9753
377081,9754
377147,9754
377194,9754
376568,9755
376659,9755
376985,9755
376986,9755
376130,9756
376818,9756
377105,9756
377188,9756
376318,9757
376132,9758
376241,9758
376348,9758
376368,9758
376872,9758
376230,9759
376575,9759
376622,9759
376651,9759
376718,9759
376383,9760
376970,9760
376315,9761
376325,9761
377000,9761
377152,9761
376295,9762
376475,9762
376133,9763
376998,9763
377223,9764
377234,9764
376119,9765
376487,9765
377169,9765
376772,9766
377112,9766
377273,9766
376468,9767
376406,9768
376626,9768
376703,9768
376737,9768
377154,9768
377163,9768
376404,9769
376480,9769
376122,9770
376719,9770
377067,9770
376483,9771
376550,9771
376560,9771
376567,9771
376570,9771
376748,9771
376767,9771
376878,9771
376992,9771
377253,9771
376168,9772
376216,9772
376264,9772
376634,9772
376876,9772
377004,9772
377021,9772
377090,9772
376237,9773
376313,9774
376440,9774
376488,9774
376897,9774
376219,9775
376572,9775
376751,9775
376845,9775
377240,9775
376835,9776
376155,9777
376105,9778
376497,9778
377200,9778
378335,9778
376485,9779
376556,9779
380192,9779
376494,9780
376740,9780
377275,9780
377278,9780
376430,9781
376936,9781
377250,9781
376207,9782
376612,9782
376938,9782
377161,9782
376782,9783
377108,9783
376102,9784
376215,9784
376342,9784
376732,9784
377058,9784
377109,9784
386757,9785
376589,9786
377003,9786
377156,9786
377265,9786
376222,9787
376647,9787
376923,9787
377038,9787
380678,9787
380720,9787
376452,9788
376913,9788
376977,9788
377165,9789
376104,9790
376188,9790
376928,9790
377014,9790
377022,9790
376103,9791
376395,9791
376521,9791
376272,9792
376300,9792
376329,9792
376646,9792
377242,9792
376129,9793
376417,9793
387971,9793
376513,9794
376774,9794
376176,9795
376519,9795
377143,9795
376538,9796
385317,9796
376124,9797
376594,9797
377044,9797
377224,9797
376678,9798
376736,9798
376879,9798
377072,9798
379434,9798
381008,9798
376232,9799
376304,9799
376610,9801
376539,9803
376244,9804
376596,9804
377103,9804
377268,9804
376291,9805
376587,9805
376981,9805
377181,9805
376286,9806
376382,9806
376621,9807
377024,9807
376263,9808
376729,9808
377226,9808
376555,9809
376574,9810
376896,9810
377197,9810
376447,9811
376602,9811
376791,9811
376962,9811
377269,9811
376863,9812
376917,9812
376967,9812
377035,9812
377895,9812
376953,9813
381577,9813
376807,9814
376934,9814
376464,9815
376469,9815
376554,9815
376619,9815
377010,9815
377225,9815
381012,9815
376127,9816
376952,9816
377059,9816
377093,9816
376578,9817
377088,9817
377232,9817
376989,9818
377248,9819
376091,9820
376298,9821
387967,9821
376375,9822
376084,9823
376540,9823
376914,9823
376090,9824
376284,9824
376333,9824
376425,9824
376777,9824
377071,9824
376158,9825
376465,9825
376860,9825
376971,9825
377175,9825
377247,9825
376579,9826
377206,9827
376753,9828
376167,9829
376419,9829
376636,9829
376955,9830
377013,9830
377053,9830
376551,9831
376566,9831
376528,9832
376605,9833
384475,9833
384476,9833
384477,9833
376561,9834
377138,9834
376386,9835
378611,9835
376432,9836
377069,9836
376217,9837
376618,9837
376361,9838
376600,9839
376397,9840
376692,9840
377263,9840
377285,9840
377286,9840
376287,9841
376307,9841
376808,9841
376427,9842
376536,9842
376794,9842
376969,9842
379716,9842
376813,9843
376978,9843
376537,9844
376583,9844
376648,9844
376786,9844
377115,9844
376335,9845
376882,9845
377144,9845
376204,9846
376590,9846
376722,9846
376779,9846
377001,9846
376281,9847
376138,9848
376837,9848
376927,9848
376189,9849
376195,9849
376514,9849
377025,9849
376180,9850
376223,9850
376857,9850
377190,9850
377193,9850
376115,9851
376796,9851
377123,9851
379474,9851
380253,9851
380262,9851
376092,9852
376455,9852
376531,9852
376624,9853
376830,9853
376861,9853
376915,9853
377117,9853
376366,9854
377113,9854
381992,9854
376248,9855
376369,9856
376407,9858
376754,9858
376144,9859
376702,9859
376759,9859
377020,9859
376175,9860
376226,9860
376401,9860
376434,9860
376544,9860
377204,9860
376856,9861
377076,9861
377237,9861
376442,9862
376670,9862
379587,9863
379836,9863
380056,9863
380834,9863
376140,9864
376238,9864
376260,9864
376365,9864
376652,9864
377085,9864
377201,9865
376359,9866
376403,9866
376414,9866
376617,9866
376812,9866
376877,9866
376947,9866
376408,9868
376904,9868
376689,9869
377086,9869
376645,9870
377068,9870
377187,9870
376202,9871
376322,9871
376337,9871
376422,9871
377256,9871
376355,9872
376660,9872
376958,9872
377180,9872
376320,9873
376653,9873
376826,9873
377266,9873
376093,9874
376517,9874
376152,9875
377131,9875
377182,9875
376633,9876
376930,9876
376518,9877
376733,9877
377216,9877
376357,9878
377217,9878
376218,9879
376280,9879
376362,9879
376376,9879
376512,9880
376693,9880
376784,9880
376974,9880
377142,9880
377148,9880
376200,9881
377129,9881
376666,9882
376973,9882
376350,9883
376478,9883
376616,9883
377078,9883
376141,9884
376338,9884
376815,9884
377127,9884
377212,9884
376173,9885
376457,9885
376712,9885
376743,9885
376997,9885
376135,9886
376516,9886
376698,9886
376787,9886
377045,9887
376340,9888
376117,9889
376597,9889
376099,9890
379227,9890
376665,9891
376681,9891
376976,9891
377261,9891
376267,9892
377207,9892
377150,9893
376351,9894
377228,9894
376964,9895
377018,9895
377246,9895
376420,9896
376801,9897
376822,9897
377041,9897
377083,9897
376707,9898
376869,9898
376114,9899
376527,9899
376663,9899
376912,9899
376987,9899
377211,9899
376147,9900
376266,9900
376384,9900
376436,9900
376492,9900
376819,9900
377006,9900
376198,9901
376228,9901
376312,9901
377251,9901
376227,9902
376240,9902
376613,9902
376654,9902
376739,9902
376749,9902
376120,9903
376142,9903
376171,9903
376573,9903
376721,9903
377080,9903
376278,9904
376358,9904
376378,9904
376704,9904
376990,9904
377063,9904
376347,9905
376506,9906
376101,9907
376834,9907
376709,9908
376846,9908
376118,9909
376146,9910
376282,9910
376336,9910
376344,9910
376562,9910
377172,9910
376301,9911
376306,9911
376576,9911
376649,9911
376696,9911
376926,9911
376933,9911
377130,9911
377166,9911
377279,9911
380690,9912
376831,9913
376919,9913
377052,9913
377095,9913
377171,9913
377906,9913
376185,9914
376598,9914
376799,9914
377155,9914
376197,9915
376294,9915
376549,9915
376334,9916
376526,9916
376725,9916
377110,9917
377280,9918
376213,9919
377262,9919
376145,9920
376271,9921
376608,9921
376182,9922
377009,9922
377017,9922
377116,9922
376770,9923
376871,9923
376191,9924
376349,9924
376798,9924
376507,9925
376253,9927
376870,9927
376956,9927
377119,9927
376123,9928
376727,9929
376303,9930
376252,9931
376584,9931
376865,9931
382969,9931
376723,9932
377153,9932
376170,9933
376192,9933
376258,9933
376690,9933
376963,9933
377064,9933
377151,9933
376121,9934
376194,9934
376437,9934
376493,9934
376501,9934
376311,9936
377164,9936
376916,9937
380200,9937
376778,9938
376951,9938
377243,9938
376623,9939
382448,9939
376367,9940
376459,9940
376901,9940
376902,9940
377034,9940
376768,9941
376885,9942
377100,9942
382327,9942
376150,9944
376283,9944
377136,9944
379090,9944
376533,9945
377276,9945
376941,9946
377264,9946
377267,9946
376208,9947
376360,9947
376991,9947
377125,9947
377214,9947
377277,9947
376131,9948
376154,9948
376638,9948
376803,9948
376867,9948
377016,9949
376234,9950
376341,9950
376416,9950
376627,9950
376894,9950
376909,9950
376950,9952
377005,9952
377196,9952
377229,9952
376467,9953
376667,9953
376212,9954
376356,9954
376858,9954
377089,9954
377222,9954
376628,9956
376828,9956
376393,9957
380547,9957
376716,9959
376380,9960
376441,9960
376662,9960
376686,9960
376734,9960
377245,9960
376769,9961
376891,9961
376214,9962
376293,9962
376454,9962
376672,9962
376679,9962
376935,9962
376220,9963
376372,9963
376374,9963
376508,9964
378610,9964
376096,9965
376308,9965
376433,9965
376614,9965
376577,9966
377031,9966
377048,9966
376231,9967
376388,9967
376921,9967
376848,9968
376988,9969
376409,9970
376620,9970
376905,9970
377082,9970
376302,9971
376392,9971
376982,9971
377077,9971
377167,9971
377199,9971
376490,9972
376790,9972
376276,9974
376899,9974
377195,9974
376757,9975
377258,9975
376473,9976
376125,9977
376451,9977
376505,9977
376609,9977
377168,9977
380067,9977
376592,9978
376650,9978
377101,9978
376273,9979
376496,9979
376699,9979
377252,9979
376224,9980
376250,9980
376371,9980
376789,9980
376205,9981
376797,9981
377079,9981
376330,9982
376391,9982
384427,9982
376148,9983
376159,9983
376163,9983
376288,9983
376585,9983
376606,9983
376097,9984
376203,9984
376491,9984
376841,9984
376898,9984
376364,9985
377888,9985
377046,9986
377133,9986
376428,9987
376669,9987
376820,9987
377084,9987
377008,9988
376261,9989
376309,9989
376842,9989
376853,9989
377283,9989
376438,9990
376128,9991
376160,9991
376390,9991
376559,9991
377191,9991
376316,9992
377047,9992
376326,9993
376682,9994
376945,9994
377210,9994
377236,9994
376085,9995
376345,9996
376746,9996
376966,9996
376959,9997
377092,9997
378207,9997
376254,9998
376410,9998
376466,9998
376558,9998
376968,9999
376495,10000
377015,10000
382314,10000
376601,10001
376925,10002
377096,10003
377183,10003
376413,10004
376595,10004
376884,10004
376470,10005
376210,10006
376268,10006
376680,10006
376771,10006
377087,10006
377274,10006
377601,10006
376305,10007
376503,10008
376179,10009
376811,10009
377026,10009
376546,10010
376110,10011
376588,10011
376153,10012
376932,10012
376996,10013
376289,10014
376524,10014
376775,10014
376509,10015
376543,10015
376553,10015
376741,10015
376999,10015
377094,10015
376262,10016
376415,10016
376880,10016
377106,10016
377239,10016
376471,10017
376855,10017
376177,10018
376209,10018
376793,10018
376816,10018
377174,10018
376251,10019
376625,10019
376640,10019
376710,10019
376840,10019
376201,10020
376249,10021
376489,10021
376511,10021
376328,10022
376184,10023
376599,10023
376742,10023
376890,10023
377120,10023
376243,10024
376552,10024
376109,10025
376292,10025
376327,10025
376439,10025
376565,10025
376677,10025
376922,10026
376979,10026
376534,10027
376866,10027
376961,10027
376995,10027
377149,10027
377170,10027
376708,10028
376776,10029
376852,10029
377146,10029
382938,10029
376275,10030
376630,10031
377012,10031
377177,10031
377184,10031
376086,10032
376157,10032
376256,10032
376443,10032
376445,10032
376233,10033
376657,10033
376108,10034
376274,10035
376764,10035
382525,10036
376183,10037
376788,10037
376824,10037
376954,10037
377126,10037
376319,10038
376637,10038
376671,10038
376802,10038
376851,10038
376744,10039
377233,10039
376564,10040
376174,10041
376236,10041
376242,10041
376476,10041
376683,10041
376747,10041
377055,10041
376421,10042
376758,10042
377208,10042
377299,10043
377302,10043
377297,10044
377298,10044
377300,10044
377290,10045
377293,10045
377294,10045
377295,10045
377303,10045
377305,10045
377306,10045
377291,10046
377301,10046
377292,10047
377296,10047
377304,10047
378048,10047
377308,10048
377314,10048
377316,10048
377326,10048
377328,10048
377325,10049
377329,10049
380108,10049
380759,10049
377310,10050
377324,10050
377317,10053
377321,10053
377330,10053
377332,10053
377322,10054
377311,10055
377312,10055
377315,10055
377318,10055
377327,10055
377331,10055
377309,10056
377313,10056
377319,10056
377320,10056
377323,10056
377333,10057
377335,10057
377341,10057
377347,10057
377348,10057
377350,10057
377369,10057
380296,10057
380760,10057
377336,10058
377339,10058
377342,10058
377343,10058
377346,10058
377357,10058
377345,10059
377355,10059
377364,10059
377337,10061
377338,10061
377373,10061
377362,10063
377334,10064
377353,10064
377361,10064
377344,10065
377360,10065
379462,10066
379863,10066
382529,10066
377340,10067
377351,10067
377352,10067
377354,10067
377359,10067
377363,10067
377365,10067
377367,10067
377370,10067
377374,10067
377349,10068
377368,10068
377372,10068
377356,10069
377358,10069
377366,10069
377371,10069
377381,10070
377376,10071
377377,10071
377383,10071
377375,10072
377378,10072
377379,10073
377380,10073
377382,10073
377384,10074
377386,10074
377387,10075
377388,10075
377389,10075
379533,10076
379568,10076
379705,10076
380273,10076
381260,10076
377390,10077
377393,10077
377391,10078
377392,10078
377394,10078
379076,10078
377396,10080
377398,10080
377395,10081
377397,10081
377399,10081
377400,10081
377401,10081
377404,10082
377402,10083
377407,10083
377408,10083
377410,10084
377411,10084
377413,10085
377414,10085
377416,10086
377417,10086
377418,10086
377423,10086
377424,10086
377425,10086
377421,10087
377422,10087
377415,10088
377419,10088
377420,10089
377426,10089
377478,10090
377481,10090
377440,10091
377467,10091
377493,10091
377435,10093
377457,10093
377465,10093
377470,10093
377476,10093
377486,10093
377430,10094
377484,10094
377443,10095
377487,10095
377491,10095
381080,10095
377463,10096
377488,10096
377447,10097
377451,10097
377455,10097
377459,10097
377466,10097
377475,10098
377490,10098
377428,10099
377436,10099
377442,10099
377446,10099
377432,10100
377439,10100
377449,10100
377471,10100
377474,10100
377468,10101
377479,10101
377438,10102
377452,10102
377458,10102
377469,10102
378941,10102
377427,10103
377431,10103
377453,10103
377456,10103
377482,10103
377489,10103
377462,10104
377483,10104
377437,10105
377444,10105
377445,10105
377461,10105
377429,10106
377450,10106
377480,10106
377492,10106
377434,10107
377454,10107
377473,10107
377433,10108
377472,10108
377460,10109
377464,10109
377494,10109
377516,10110
377519,10110
377521,10110
377511,10112
377515,10112
377495,10113
377500,10113
377502,10113
377504,10113
377505,10113
377513,10114
377514,10114
377520,10114
380580,10114
377510,10116
377517,10117
377518,10117
377503,10118
377509,10118
377512,10118
379139,10118
381551,10118
381554,10118
377497,10119
377501,10119
377506,10119
377507,10119
377522,10119
381955,10119
377496,10120
377498,10120
377499,10120
377508,10120
379857,10120
380727,10120
377523,10121
377533,10121
377534,10121
377535,10121
377537,10121
377538,10121
377528,10122
377536,10123
377540,10123
377544,10124
379932,10124
377526,10125
377529,10125
377541,10125
377524,10126
377527,10126
377539,10126
379541,10126
380959,10126
381117,10126
377543,10127
380574,10127
381075,10127
377525,10128
377530,10128
377531,10128
377532,10128
377542,10128
377547,10129
377550,10129
377551,10129
377562,10129
377568,10129
377548,10130
377555,10130
377559,10130
377560,10130
377565,10130
377563,10132
377570,10132
377561,10133
377556,10134
377557,10134
377558,10134
377569,10134
377572,10134
380972,10134
377545,10135
377552,10135
377567,10135
377571,10135
377549,10136
377546,10137
377554,10137
377564,10137
381304,10137
377553,10138
377566,10138
377578,10139
377584,10140
377587,10140
377592,10140
377581,10141
377589,10141
377582,10142
377583,10143
377588,10144
377579,10145
377585,10145
377590,10145
382914,10145
377577,10146
377580,10146
377573,10147
377576,10147
377591,10148
377574,10149
377586,10150
377575,10151
377598,10152
377608,10152
377611,10152
377595,10153
377599,10153
377602,10153
377604,10153
377600,10154
379199,10154
382173,10154
382174,10154
382176,10154
382179,10154
377606,10155
377594,10156
377597,10156
377605,10156
377596,10157
377607,10157
377609,10157
377610,10157
377603,10158
379772,10158
380784,10158
377612,10160
377613,10161
377614,10161
377636,10162
377624,10163
377631,10163
377632,10163
377633,10163
377622,10164
377625,10164
377626,10164
377627,10164
377615,10165
377629,10165
377616,10166
377617,10166
377621,10166
377628,10166
377634,10166
377637,10166
377618,10167
377619,10167
377623,10167
377630,10167
377635,10167
384773,10167
377620,10168
377640,10170
381784,10170
381786,10170
381787,10170
381789,10170
381791,10170
381793,10170
377639,10171
377648,10171
377645,10173
377642,10174
377644,10174
377647,10174
377650,10174
377638,10175
377649,10175
377643,10176
377651,10178
377661,10179
379161,10179
379172,10179
379180,10179
377658,10180
377653,10181
377654,10181
377655,10181
377656,10181
377657,10181
377659,10181
377665,10181
377666,10181
377662,10182
377663,10182
377667,10182
377660,10183
377664,10183
377673,10184
381306,10184
377669,10185
377671,10185
377670,10186
377672,10186
377674,10186
377677,10186
377679,10186
377680,10186
377668,10187
377675,10187
377676,10187
377678,10187
377681,10187
377682,10187
377683,10188
377684,10188
377685,10188
377686,10188
377687,10188
377690,10188
377691,10188
377689,10189
377688,10190
377697,10191
377698,10191
377704,10191
377711,10191
377695,10192
377696,10193
377700,10193
377707,10193
377708,10193
377709,10193
377702,10194
377706,10194
377713,10194
377693,10195
377694,10195
377699,10195
377692,10196
377701,10196
377703,10196
377710,10196
377712,10196
377715,10197
377719,10197
377720,10197
377724,10197
377726,10197
377728,10197
377735,10198
377725,10199
377727,10199
377714,10200
377717,10200
377734,10200
377716,10201
377723,10201
377731,10201
377732,10201
377722,10202
377733,10202
377736,10202
377737,10202
377718,10203
377721,10203
377729,10203
377730,10203
377740,10204
377749,10205
377745,10206
377754,10207
381525,10207
377741,10208
377744,10208
377746,10208
377747,10208
377750,10208
377742,10209
377751,10209
377752,10209
377753,10209
377743,10210
377739,10211
377738,10212
377748,10212
377755,10213
377756,10213
377760,10213
377761,10213
377762,10213
377763,10214
378833,10214
378836,10214
377757,10215
377758,10215
377759,10215
377764,10215
377765,10217
377770,10218
380824,10218
377766,10220
377767,10220
377768,10220
377769,10220
377776,10221
377775,10222
377771,10223
377772,10223
377773,10223
377777,10223
377774,10224
377779,10225
377784,10225
377793,10225
377794,10225
377782,10226
377786,10226
377787,10226
377790,10226
377778,10227
377781,10227
377789,10227
377791,10227
377796,10227
377780,10228
377792,10228
379015,10228
377806,10229
377811,10229
377814,10229
377816,10229
387868,10229
377800,10230
377810,10230
377813,10230
377817,10230
377819,10230
377822,10230
377823,10230
377797,10231
377821,10231
377824,10231
377812,10232
377815,10232
377798,10233
377801,10233
377803,10233
377804,10233
377805,10233
377808,10233
377799,10234
377802,10234
377807,10234
377809,10234
377818,10234
377820,10234
377825,10235
377829,10235
377826,10236
377828,10236
377830,10236
377827,10237
377865,10238
381748,10238
377835,10239
377843,10239
377844,10239
377854,10239
377855,10239
377874,10239
377838,10240
377833,10241
377840,10241
377872,10241
377879,10241
377841,10242
377845,10243
377864,10243
377871,10243
377836,10244
377861,10244
377832,10245
377851,10245
377858,10245
377860,10245
377882,10245
377831,10246
377856,10246
377859,10246
377842,10247
377876,10247
377878,10247
377883,10247
381752,10247
377839,10248
377848,10248
377850,10248
377852,10248
377866,10248
377846,10249
377853,10249
377857,10249
377863,10249
377867,10249
377873,10249
377881,10249
377834,10250
377837,10250
377862,10250
377870,10250
377880,10250
377847,10251
377849,10251
377868,10251
377869,10251
377875,10251
377877,10251
381695,10251
377907,10252
377904,10253
377905,10253
377912,10253
377914,10253
377916,10253
377920,10253
377908,10254
377910,10254
377886,10255
377900,10255
379092,10255
377891,10256
377917,10256
377919,10256
377926,10256
377927,10256
377885,10257
377890,10257
377897,10257
377898,10257
377899,10257
377911,10257
377915,10257
377884,10258
377889,10258
377893,10258
377901,10258
377921,10258
377922,10258
377892,10259
377913,10259
377887,10260
377894,10260
377903,10260
377909,10260
379549,10261
377896,10262
377918,10262
377924,10262
377923,10263
377902,10264
377925,10264
377933,10267
377937,10267
377930,10268
377931,10268
377932,10268
377934,10268
377929,10272
377935,10272
377936,10272
377938,10272
377976,10273
377965,10274
377989,10274
377996,10274
384273,10274
378046,10276
377940,10277
377948,10277
377981,10277
377991,10277
378034,10277
378036,10277
377961,10278
377964,10278
378009,10279
378010,10279
378025,10279
378027,10279
377957,10280
377997,10280
378013,10280
378021,10280
377972,10281
377985,10281
378032,10282
378038,10282
378041,10282
377980,10283
377983,10283
378015,10283
377963,10284
378001,10284
378026,10284
378039,10284
378044,10284
377999,10285
377975,10286
378000,10286
378006,10286
379503,10286
377939,10287
377947,10287
377950,10287
378017,10287
378037,10287
379307,10288
379308,10288
379311,10288
379316,10288
379323,10288
379327,10288
379335,10288
379365,10288
379366,10288
377967,10289
377995,10290
378014,10290
377958,10291
377968,10291
377973,10291
377974,10291
378008,10291
380915,10291
378043,10292
381922,10292
385691,10292
377949,10293
377955,10293
378003,10293
377941,10294
377951,10294
377993,10294
378012,10294
378019,10294
377946,10295
378045,10295
379581,10295
379977,10295
377960,10296
377966,10296
377970,10296
377971,10296
377978,10296
378005,10296
377952,10297
377977,10297
378023,10297
379319,10298
379342,10298
379361,10298
377944,10299
377969,10299
377979,10299
377988,10299
377992,10299
378033,10299
378018,10300
377942,10301
377959,10301
378029,10301
378002,10302
378022,10303
377987,10304
378007,10304
378028,10304
378030,10304
377943,10305
377945,10305
377953,10305
377954,10305
377962,10305
377986,10305
378040,10305
377956,10306
377990,10306
377998,10306
378016,10306
378024,10306
378031,10306
378035,10306
378042,10306
379282,10307
379283,10307
379284,10307
379285,10307
379286,10307
379287,10307
379288,10307
378098,10308
378123,10308
378071,10309
378099,10309
379381,10309
379480,10309
394447,10309
394478,10309
378088,10310
378119,10310
378104,10311
378126,10311
378152,10311
378056,10312
378069,10312
378125,10312
378135,10312
378151,10313
378054,10314
378127,10314
378146,10314
378156,10314
379803,10314
378121,10315
378076,10316
378092,10316
378110,10316
378128,10316
378138,10316
378091,10317
378120,10318
378154,10318
378167,10318
381921,10318
378074,10320
378115,10320
378117,10320
378683,10320
378077,10321
378159,10321
378057,10322
378063,10322
378094,10323
378162,10323
381278,10323
378136,10324
381405,10324
381415,10324
378073,10325
378084,10325
378090,10325
378113,10325
378051,10326
378085,10327
378064,10328
378072,10328
378100,10328
378112,10328
378158,10328
379377,10328
378141,10329
378131,10330
378139,10330
378142,10330
378068,10331
378111,10331
378058,10332
378133,10332
378079,10333
378108,10333
378169,10333
378149,10334
378157,10334
378105,10335
378147,10335
378148,10335
378053,10336
378102,10336
378132,10336
378163,10336
378089,10337
378086,10338
378103,10338
378107,10338
378050,10339
378083,10339
378101,10339
378134,10339
378140,10339
378080,10340
378129,10340
378114,10341
378137,10341
378164,10341
380019,10341
378059,10342
378065,10342
378093,10342
378143,10342
378153,10342
378106,10343
381404,10343
378047,10344
378052,10344
378061,10344
378097,10344
378144,10344
378075,10345
378109,10345
378145,10345
378168,10346
378049,10347
378055,10347
378066,10347
378124,10347
378062,10348
378116,10348
378122,10348
378155,10348
378095,10349
378060,10350
378081,10350
378087,10350
378118,10350
378166,10350
378067,10351
378078,10351
378096,10351
378130,10351
378150,10351
378165,10351
378225,10352
378241,10352
378217,10353
378219,10353
378233,10353
382032,10353
378181,10354
378212,10354
378240,10354
378264,10354
378182,10355
378200,10355
378183,10356
378187,10356
378206,10356
378208,10356
378256,10356
378188,10357
378199,10357
378205,10358
378230,10358
378238,10358
378253,10358
378179,10359
378235,10359
378261,10359
378184,10360
378194,10360
378234,10360
378245,10360
378257,10360
378258,10360
378178,10361
378201,10361
378213,10361
378218,10361
378254,10361
378186,10362
378195,10363
378239,10363
378232,10364
378242,10364
378170,10365
378192,10365
378198,10365
378209,10365
378250,10365
378255,10365
382008,10365
382018,10365
378204,10366
378173,10367
378196,10367
378203,10367
378222,10367
378223,10367
378224,10367
378246,10367
378248,10367
378259,10368
378260,10368
378191,10369
378214,10370
378249,10371
378656,10371
378659,10371
378172,10372
378193,10372
378211,10372
378221,10372
378228,10372
378243,10372
378176,10373
378180,10373
378266,10373
378174,10374
378175,10374
378189,10374
378216,10374
378226,10374
378252,10374
378263,10374
378265,10374
378236,10375
378244,10375
378251,10375
378655,10375
378660,10375
378661,10375
378662,10375
378663,10375
378664,10375
378665,10375
378177,10376
378215,10377
378237,10378
378247,10378
378267,10378
378280,10379
378309,10379
378314,10379
378325,10379
378295,10380
378296,10380
378312,10380
378340,10380
378343,10380
378319,10382
378299,10383
378313,10383
378317,10383
378320,10383
378326,10383
378339,10383
378274,10384
378279,10384
378281,10384
378288,10384
378298,10384
378303,10384
378333,10384
381611,10384
378292,10385
378293,10385
378310,10385
379078,10385
379085,10385
378291,10386
378311,10386
378332,10386
379553,10386
379654,10386
380557,10386
380792,10386
381219,10386
378271,10387
378282,10387
378287,10387
378297,10387
378323,10387
381615,10387
378294,10388
378315,10388
378277,10389
378304,10389
378306,10389
378337,10389
378336,10390
378278,10391
380695,10391
378301,10392
378316,10392
378318,10392
378341,10392
378275,10393
378276,10393
378290,10393
378307,10393
378308,10393
378327,10393
378328,10393
378329,10393
378338,10393
381618,10393
381621,10393
378285,10394
378300,10394
378321,10394
378269,10395
378273,10395
378286,10396
378330,10396
378334,10396
378342,10396
378268,10397
378284,10397
378302,10397
378270,10398
378272,10398
378289,10398
378331,10398
378344,10405
378345,10405
378349,10405
378346,10406
378347,10407
378348,10407
378356,10408
378350,10409
378351,10409
378352,10409
378353,10409
378354,10409
378355,10409
382307,10409
378360,10410
378363,10410
378366,10410
378368,10410
378358,10411
378362,10411
378364,10411
378365,10411
378367,10411
378357,10412
378359,10412
378361,10412
378369,10412
378374,10413
378377,10413
378378,10413
378382,10413
378371,10414
378372,10414
378373,10414
378384,10414
378385,10414
378370,10415
378375,10415
378376,10415
378379,10415
378383,10415
378380,10416
378381,10416
378387,10417
378388,10417
378389,10417
378390,10417
378391,10417
378392,10417
378393,10417
378394,10418
378396,10418
378397,10418
378398,10418
378399,10418
378405,10418
378408,10418
378403,10419
378395,10420
378401,10420
378402,10420
378400,10421
378404,10421
378406,10421
378407,10422
378409,10423
378410,10423
378412,10423
378413,10423
378415,10423
378422,10423
378411,10424
378414,10424
378416,10424
378419,10424
378420,10424
378424,10425
378426,10425
378429,10425
378427,10426
378428,10426
378425,10427
378432,10428
378436,10428
378433,10429
378434,10429
378438,10429
380021,10429
380585,10429
380798,10429
378430,10430
378431,10430
378435,10430
378437,10430
378439,10431
378440,10431
378445,10432
380922,10432
381208,10432
378469,10433
378472,10433
378454,10434
378467,10434
382890,10434
382891,10434
378441,10435
378442,10435
378456,10435
378460,10435
378463,10435
378466,10435
378458,10436
378470,10436
378471,10436
378453,10437
378464,10437
378465,10437
378444,10438
378448,10438
378449,10438
378450,10438
378451,10438
378459,10438
378461,10438
379781,10438
378452,10439
378457,10439
378443,10440
378455,10440
378462,10440
378476,10441
378478,10441
378479,10441
378481,10441
378484,10441
378485,10441
378474,10442
378473,10443
378477,10443
378482,10443
378483,10443
378486,10443
378475,10444
378480,10444
378487,10444
378488,10445
378491,10445
378495,10445
378496,10445
378497,10445
380244,10445
378492,10446
378489,10447
378490,10447
378494,10447
378498,10447
378499,10447
378500,10447
378493,10448
378503,10449
378502,10450
378504,10450
378505,10450
378506,10450
378507,10450
378508,10450
382531,10450
378515,10452
378517,10452
378513,10453
378518,10453
378520,10453
378526,10453
378527,10453
378525,10454
378514,10455
378523,10456
378519,10457
378516,10458
378521,10458
378524,10458
378522,10459
378512,10460
378528,10460
378530,10461
378532,10461
378534,10461
378537,10461
378539,10462
378529,10463
378531,10463
378533,10463
378535,10463
378536,10463
378538,10463
378540,10464
378542,10464
378541,10465
378544,10465
378545,10465
378543,10466
385205,10466
385227,10466
378548,10468
378553,10468
378555,10468
378558,10468
378546,10469
378547,10469
378550,10469
378551,10469
378552,10469
378559,10469
378549,10470
378554,10470
378556,10470
378557,10470
378566,10471
378567,10471
378561,10472
378562,10473
378560,10474
378563,10475
378565,10475
378568,10475
378564,10476
378570,10477
378571,10477
378569,10478
378577,10479
378580,10481
378582,10481
378581,10482
378583,10482
378586,10483
378588,10483
378589,10483
378590,10483
378593,10483
378585,10484
378595,10484
378594,10485
378584,10486
378591,10486
378592,10486
378596,10487
378601,10487
378602,10487
378604,10487
378605,10487
378608,10487
378609,10487
388587,10487
378597,10488
378598,10488
378599,10488
378600,10488
378603,10488
378606,10488
378607,10488
378613,10489
378614,10489
378621,10489
378624,10489
378626,10489
378623,10490
378627,10490
378630,10490
378632,10490
378633,10490
378631,10491
378615,10492
378618,10492
378619,10492
378616,10493
378617,10493
378620,10493
378622,10493
378625,10493
378628,10493
378629,10493
378636,10494
379414,10494
379449,10494
380967,10494
381394,10494
381398,10494
382972,10494
378638,10495
378637,10496
378639,10496
378640,10496
380874,10496
378641,10497
378642,10498
378643,10498
378644,10499
378645,10499
378646,10499
378650,10499
378651,10499
378647,10500
378648,10500
378649,10500
378652,10500
378653,10502
378654,10502
378657,10502
378658,10502
378666,10502
378667,10502
378668,10502
378669,10502
378670,10503
378672,10503
378679,10504
378686,10504
378690,10505
378678,10506
378681,10506
378685,10506
378688,10506
378691,10506
378673,10507
378676,10507
378684,10507
378687,10507
387880,10507
378671,10508
378674,10509
378680,10509
378675,10510
378677,10510
378682,10510
378689,10510
378692,10512
378693,10512
378694,10512
378698,10512
378700,10512
378703,10512
379755,10512
378695,10513
378696,10513
378697,10513
378699,10513
378702,10513
378701,10514
378704,10514
378705,10515
378713,10515
378718,10515
378706,10516
381825,10516
378707,10517
378716,10517
378719,10517
378723,10517
379727,10517
378709,10518
378712,10518
378711,10519
378717,10519
378721,10519
378722,10519
378725,10519
379491,10519
378715,10520
378714,10521
378724,10521
378727,10521
378726,10522
378728,10523
378732,10523
378729,10524
378730,10524
378731,10524
378733,10524
378734,10524
378738,10525
378739,10525
378743,10525
378744,10525
378735,10526
378750,10526
380782,10526
378737,10527
378745,10527
378748,10527
378736,10528
378740,10528
378741,10528
378742,10528
378746,10528
378747,10528
378749,10528
378769,10530
378753,10531
378756,10531
378768,10531
378754,10532
378765,10532
378766,10532
378752,10533
378755,10533
378757,10533
378759,10533
378761,10533
378758,10534
378762,10534
378763,10534
378767,10534
378760,10535
378764,10535
378770,10535
378751,10536
378772,10537
378774,10537
378777,10537
378778,10537
378771,10538
378773,10538
378775,10538
378776,10538
378792,10539
378799,10539
378783,10540
378795,10540
378802,10540
378794,10541
382838,10541
382847,10541
382848,10541
378790,10542
378780,10543
378781,10543
378784,10543
378786,10543
378788,10543
378791,10543
378800,10543
378789,10544
378793,10544
378796,10544
378798,10544
378801,10544
378782,10545
378785,10545
378787,10545
378807,10546
378809,10546
378810,10546
378814,10546
378815,10546
378816,10546
378819,10546
384347,10546
378803,10547
378808,10547
378806,10548
378812,10548
378817,10548
378820,10549
378805,10550
378811,10550
378813,10550
378818,10550
380615,10550
381095,10550
378804,10551
378825,10552
378829,10553
378823,10554
378824,10554
378830,10554
378832,10554
378821,10555
378822,10555
378827,10555
378826,10556
378828,10556
378831,10556
378834,10557
378835,10557
378837,10557
378838,10558
378839,10558
378840,10558
378842,10558
378843,10558
378841,10559
378845,10559
378844,10560
378847,10560
378846,10561
378852,10562
378855,10562
378871,10562
378856,10563
378860,10563
378864,10563
378868,10563
378854,10566
378866,10566
378849,10567
378858,10567
378872,10567
378875,10567
378853,10568
378865,10570
378870,10570
378867,10572
380702,10572
381810,10572
378869,10573
378863,10574
378848,10575
378850,10575
378857,10575
378859,10575
378862,10575
378874,10575
378851,10576
378861,10576
378873,10576
378882,10577
378879,10578
378883,10578
378878,10579
378876,10580
378877,10580
378880,10580
378881,10580
378886,10581
378887,10581
378888,10581
378889,10581
378891,10581
378892,10581
378893,10581
378898,10582
378921,10582
378922,10582
378925,10582
378901,10583
378916,10583
378935,10583
378907,10584
378924,10584
378894,10585
378899,10585
378904,10585
378911,10585
378918,10585
378923,10585
378926,10585
378930,10585
378897,10586
378900,10586
378905,10586
378908,10586
378914,10586
378917,10586
378919,10587
378928,10587
378931,10587
378937,10587
392231,10587
378895,10588
378913,10588
378896,10589
378902,10589
378909,10589
378910,10589
378927,10589
378932,10589
378912,10590
378915,10590
378920,10590
378933,10590
378906,10591
378934,10591
378936,10591
378903,10592
378929,10592
380007,10592
381349,10592
378938,10593
378942,10593
391652,10593
378940,10594
378939,10595
378943,10595
378944,10596
378945,10596
378946,10596
378947,10596
378948,10599
378949,10599
378950,10599
378951,10599
378954,10600
378959,10600
378962,10600
378957,10601
378961,10601
378952,10602
378955,10602
379991,10602
378956,10603
378953,10604
378958,10604
378960,10604
378966,10606
378969,10606
378973,10606
378974,10606
378977,10606
378968,10607
378970,10607
378972,10607
378975,10607
378976,10607
378979,10607
378967,10608
378971,10609
378963,10610
378964,10610
378965,10610
378978,10610
378989,10611
378992,10611
379004,10611
379005,10611
379007,10611
378985,10612
378982,10613
378983,10613
378984,10613
378986,10613
378987,10613
378996,10613
378999,10613
379003,10613
378994,10614
378997,10614
379000,10614
379006,10614
378981,10615
378988,10615
378993,10615
378995,10615
378998,10615
379001,10615
378990,10616
378980,10617
378991,10617
379002,10617
381468,10617
379008,10618
379018,10619
379020,10619
379009,10620
379012,10620
379013,10620
379019,10620
379023,10621
379024,10621
379026,10621
379029,10621
379030,10621
379032,10621
379033,10621
379034,10621
379021,10622
379022,10622
379025,10622
379027,10622
379028,10622
379031,10622
379036,10623
379037,10624
379039,10624
379047,10624
379052,10624
379054,10624
379041,10626
379043,10626
379045,10626
379046,10626
379051,10626
379053,10626
379042,10627
379044,10627
379048,10627
379056,10628
379058,10628
379059,10628
379060,10628
379062,10628
379067,10628
379057,10629
379061,10629
379063,10629
379066,10629
379064,10630
379065,10630
379068,10630
379073,10633
379075,10633
379069,10636
379071,10636
379070,10637
379072,10637
379074,10637
379077,10641
379084,10641
379079,10642
379083,10642
379086,10642
379087,10642
379080,10643
379081,10643
379082,10643
379089,10644
379093,10644
379095,10644
379088,10645
379094,10645
379096,10646
379097,10646
379098,10646
379099,10648
379100,10648
379103,10649
379104,10649
379106,10649
379107,10649
379102,10650
379105,10650
379110,10651
379121,10651
379109,10652
379111,10652
379115,10652
379117,10652
379120,10652
379623,10652
379108,10653
379112,10653
379113,10653
379114,10653
379116,10653
379118,10653
379119,10653
379122,10653
379123,10654
379124,10654
379125,10654
379127,10654
379128,10654
381737,10654
381739,10654
381741,10654
379126,10655
379129,10655
379130,10655
379131,10655
379132,10655
379133,10655
379134,10656
379135,10656
379136,10656
379138,10656
379137,10657
379142,10657
379140,10658
379141,10658
379143,10658
379152,10659
379174,10659
379184,10659
379144,10660
379145,10660
379173,10660
379147,10661
379177,10661
379189,10661
379191,10661
379168,10662
379169,10662
379171,10662
379183,10662
379185,10662
379187,10662
381234,10662
379148,10663
379149,10663
379151,10663
379157,10663
379164,10663
379166,10663
379167,10663
379159,10664
379165,10664
379170,10664
379179,10664
379188,10664
379162,10665
379178,10665
379146,10666
379153,10666
379155,10666
379186,10666
379190,10666
379154,10667
379182,10667
379163,10668
379156,10669
379158,10670
379160,10670
379175,10670
379150,10671
379176,10671
379181,10671
379192,10672
379196,10672
379198,10672
379200,10672
379195,10673
379193,10674
379194,10674
379197,10674
379208,10675
379216,10675
379219,10675
379205,10676
379218,10676
379220,10676
379221,10676
383171,10677
383187,10677
383199,10677
379204,10678
379201,10679
379202,10679
379211,10679
379217,10679
379224,10679
379206,10680
379223,10680
379210,10681
379212,10681
379222,10681
379213,10682
379225,10682
381635,10682
381643,10682
381650,10682
381661,10682
381663,10682
379203,10683
379207,10683
379209,10683
379215,10683
379229,10684
379231,10684
379233,10684
379236,10684
379237,10684
379442,10684
380157,10684
384412,10684
379235,10685
379226,10686
379228,10686
379230,10686
379232,10686
379234,10686
379238,10686
379265,10687
379243,10688
379248,10688
379250,10688
379254,10688
379273,10688
379277,10688
379244,10689
379251,10689
379253,10689
379256,10689
379272,10689
379241,10690
379261,10690
379264,10690
379271,10690
379274,10690
379275,10690
379242,10691
379249,10691
379266,10691
379278,10691
379247,10692
379263,10692
379270,10692
379280,10692
379281,10692
385295,10692
379245,10693
379257,10693
379259,10693
379252,10694
379258,10694
379268,10694
379279,10695
379239,10696
379255,10697
384495,10697
384497,10697
379240,10698
379246,10698
379276,10699
379289,10700
379290,10701
379291,10701
379295,10701
379298,10701
379301,10701
379296,10702
379299,10702
379300,10702
379303,10702
379293,10703
379297,10703
379302,10703
379304,10703
379292,10704
379294,10704
390658,10704
390662,10704
379310,10705
379314,10705
379329,10705
379358,10705
379369,10705
379362,10706
382872,10706
379318,10707
379344,10708
379309,10709
379306,10710
379356,10710
380013,10710
380184,10710
381086,10710
381107,10710
379332,10711
379340,10711
379364,10711
379367,10711
379368,10711
379317,10712
379330,10712
379348,10712
379349,10712
379363,10712
379325,10713
379339,10713
379352,10713
379372,10713
379315,10714
379320,10714
379322,10714
379326,10714
379359,10714
379334,10715
379373,10715
379324,10716
379353,10716
382863,10716
379331,10717
379336,10717
379343,10717
379351,10717
380420,10717
380631,10717
380992,10717
379345,10718
379346,10718
379305,10719
379312,10719
379337,10719
379357,10719
379370,10719
379321,10720
379347,10720
379350,10720
379354,10720
379371,10720
379338,10721
379355,10721
379576,10721
381272,10721
382869,10721
382870,10721
379313,10722
379333,10722
379341,10722
379360,10722
379328,10723
379375,10724
379376,10724
379378,10724
379383,10724
379379,10725
379964,10725
380235,10725
381914,10725
379374,10726
379380,10726
379382,10726
379527,10726
379507,10727
379750,10727
379770,10727
380196,10727
379458,10728
379517,10728
380600,10728
381112,10728
381305,10728
380100,10729
381229,10729
380513,10730
379731,10731
380110,10731
380507,10731
381057,10731
381062,10731
381150,10731
381297,10731
379963,10732
380579,10732
380850,10732
379407,10733
380075,10733
380163,10733
381053,10733
383911,10734
379403,10735
380375,10735
380624,10735
380635,10735
380902,10735
380148,10736
380374,10736
380422,10736
380669,10736
380964,10737
379663,10738
379911,10738
379955,10738
380520,10738
380687,10738
379875,10739
379936,10739
380471,10739
380334,10740
380341,10740
380466,10740
380748,10740
380933,10740
381192,10740
380082,10741
380173,10741
380605,10741
381020,10741
381156,10741
381183,10741
379968,10743
380884,10743
380905,10743
381042,10743
380211,10744
380952,10744
381071,10744
381141,10745
381222,10745
381264,10746
379724,10747
380338,10747
380545,10747
379471,10748
381081,10748
380335,10749
380795,10749
381181,10750
379415,10751
380878,10751
381115,10751
379392,10752
380045,10752
380203,10752
380351,10752
380728,10752
381014,10752
381248,10752
379406,10753
380599,10753
380793,10753
379467,10754
379834,10755
380397,10755
380864,10755
380887,10755
380903,10755
380904,10755
380361,10756
380461,10756
380601,10756
380649,10756
379425,10757
379697,10757
379729,10757
380999,10757
380339,10758
381736,10758
379428,10759
379529,10760
379739,10760
379989,10760
380040,10760
380134,10760
382854,10760
379410,10761
379417,10761
380413,10761
380968,10761
380971,10761
379570,10762
379771,10762
380360,10762
386745,10763
386747,10763
386755,10763
386759,10763
379384,10765
379829,10765
380029,10765
380975,10765
379516,10766
380005,10766
380332,10766
381271,10766
379711,10767
380620,10767
380836,10767
379637,10768
379826,10768
379847,10768
381218,10768
379800,10769
380025,10769
380093,10769
380147,10769
380898,10769
381317,10769
379673,10770
379815,10770
380403,10770
379865,10771
379757,10772
380003,10772
379726,10773
380105,10773
380651,10773
380111,10774
380358,10774
380888,10774
379433,10775
379466,10775
380049,10775
380357,10775
380399,10775
380416,10775
380566,10775
381078,10775
379987,10776
380485,10776
381205,10776
379677,10777
380031,10777
380835,10778
385885,10778
385896,10778
386666,10778
386668,10778
379812,10779
379930,10779
380084,10779
380123,10779
380166,10780
380754,10780
380833,10780
381258,10780
379794,10781
379880,10781
380047,10781
380405,10781
380470,10781
380989,10781
381243,10781
379524,10782
379950,10782
380900,10782
381162,10782
379459,10783
379586,10783
379734,10783
379762,10783
380583,10783
380625,10783
381119,10783
381239,10783
381252,10783
379931,10784
379983,10784
380193,10784
380713,10784
381285,10784
380709,10785
381233,10785
379664,10786
380372,10786
380092,10787
380260,10787
380661,10787
379531,10788
379830,10788
380721,10788
380277,10789
380302,10789
380367,10789
380573,10789
380529,10790
379629,10791
379853,10791
380112,10791
380408,10791
380895,10791
380963,10791
381255,10792
379493,10793
379871,10793
380266,10793
380592,10793
380774,10793
380775,10793
380944,10793
379578,10794
379852,10794
379858,10794
380750,10794
381198,10794
379878,10795
380097,10795
380319,10795
380555,10795
380924,10795
381085,10795
392244,10795
380252,10796
380747,10797
379600,10798
381145,10798
380407,10799
380115,10800
380129,10801
380828,10801
381025,10801
380164,10802
381058,10803
381283,10804
379938,10805
379402,10806
379505,10806
379767,10806
380210,10806
380250,10806
380278,10806
380893,10806
381055,10806
379571,10807
381179,10807
379747,10808
380072,10808
380242,10808
380495,10808
380791,10808
381101,10808
380577,10809
380883,10809
380927,10809
381147,10809
380218,10810
380753,10810
380846,10810
379662,10811
380463,10811
379665,10812
380691,10812
379452,10813
380120,10813
380293,10813
381259,10814
379658,10816
380153,10816
381092,10816
381204,10816
381044,10817
379550,10818
379969,10818
380433,10818
380569,10818
380700,10818
380950,10818
381073,10818
379509,10819
380345,10819
380550,10819
381037,10819
379873,10820
379888,10820
380095,10820
380525,10820
381133,10820
379760,10821
380204,10821
379478,10822
380181,10822
380438,10822
380475,10822
380777,10822
379923,10823
379706,10824
380368,10824
380725,10824
381175,10824
381290,10824
391460,10824
391471,10824
380711,10825
379659,10826
380272,10826
380423,10826
380564,10826
380701,10826
380659,10827
380663,10827
379967,10829
380896,10830
380607,10831
380961,10831
379427,10832
379567,10832
380705,10832
381830,10832
383703,10832
383704,10832
379811,10833
380290,10833
380980,10833
380865,10834
391949,10834
380489,10835
381211,10835
385318,10835
385320,10835
380022,10836
380531,10836
380672,10836
380979,10836
379599,10837
380015,10837
380279,10837
380674,10838
381235,10838
380124,10839
380629,10839
380726,10839
380772,10839
379429,10840
379732,10840
379845,10840
381068,10840
380089,10841
379746,10842
380180,10842
381005,10843
379504,10844
380871,10844
381178,10844
380524,10846
381050,10846
381009,10847
380236,10848
380259,10848
380962,10848
381139,10848
380866,10849
380301,10850
380478,10850
381203,10851
381307,10851
381308,10851
379650,10852
380331,10852
380549,10852
379607,10853
380342,10853
380909,10853
379495,10854
380018,10854
381160,10854
380318,10855
380817,10855
381003,10855
379625,10856
379780,10856
380606,10856
381287,10856
380356,10857
379591,10858
380205,10858
380294,10858
381144,10858
381168,10858
380160,10859
379530,10860
380457,10860
379560,10861
381311,10861
380558,10862
380737,10862
379545,10863
380447,10863
380594,10863
379990,10864
381094,10864
380199,10865
380487,10865
380567,10865
380680,10865
380708,10865
380534,10866
380593,10866
380973,10866
381067,10866
379900,10867
381225,10868
379438,10869
379944,10869
380249,10869
380371,10869
380641,10869
381045,10869
379536,10870
380060,10870
380370,10870
380417,10870
380429,10870
380738,10870
379538,10871
379766,10871
379925,10871
380169,10871
380537,10871
379523,10872
379525,10872
379569,10872
379942,10872
380517,10872
380578,10872
380001,10874
380267,10874
381089,10875
382990,10875
382993,10875
382995,10875
382997,10875
379765,10876
379939,10876
379717,10877
380300,10877
381212,10877
379941,10878
380458,10878
379470,10879
382983,10879
382984,10879
382985,10879
382986,10879
382996,10879
379817,10880
379957,10880
379584,10882
379689,10882
380050,10882
380837,10882
382520,10882
379510,10883
379998,10883
380473,10883
380543,10883
380602,10883
380825,10883
381226,10883
379446,10884
379674,10885
380343,10885
380237,10886
380671,10887
381034,10887
381320,10887
379602,10888
379892,10888
380220,10888
380943,10888
381195,10888
383912,10889
383913,10889
379636,10891
379733,10891
380125,10891
380330,10891
380559,10891
379444,10892
379974,10892
380202,10892
380292,10892
380689,10892
380897,10892
380380,10893
381093,10893
380182,10894
380856,10894
381164,10894
381076,10895
380682,10896
379748,10897
380234,10897
380766,10897
379404,10898
379644,10898
380028,10898
380143,10898
379465,10900
379559,10900
380325,10900
380683,10900
381013,10900
381184,10900
381261,10900
379405,10901
381943,10902
381944,10902
381945,10902
382953,10902
382954,10902
380483,10903
380597,10903
379702,10904
379890,10904
380141,10904
380347,10904
381189,10904
379439,10905
380655,10905
380681,10905
379667,10906
380121,10906
380400,10906
380596,10906
381163,10906
380406,10907
379563,10908
379389,10909
379690,10909
380439,10910
381172,10910
379596,10911
380560,10911
380805,10911
380951,10911
379611,10912
379952,10912
380448,10912
385302,10912
382528,10913
383190,10913
384700,10913
379698,10914
379714,10914
381153,10914
381293,10914
380640,10915
381221,10915
379616,10916
379940,10916
380937,10916
381232,10916
379786,10917
380446,10917
380512,10917
381048,10917
380587,10918
380799,10918
381182,10918
380188,10919
380286,10919
380440,10919
381087,10919
381291,10919
380421,10920
381279,10920
380000,10921
381035,10921
380497,10923
379825,10924
379419,10925
380929,10926
379490,10927
379532,10927
379789,10927
379840,10927
380521,10927
380910,10927
379485,10928
379919,10928
379876,10929
380212,10929
380216,10929
380455,10929
379653,10930
379902,10930
380130,10930
379903,10931
380412,10931
380931,10931
379614,10932
379619,10932
379676,10932
379973,10932
380161,10932
380627,10932
381173,10932
380245,10933
380467,10933
380604,10933
381132,10933
379622,10934
379904,10934
380258,10934
381004,10934
381091,10934
379670,10935
379779,10935
380388,10935
381263,10935
381036,10936
379489,10937
381197,10937
381321,10937
379583,10938
380815,10938
381242,10938
380763,10939
380057,10940
379675,10941
379791,10941
380633,10941
381070,10941
379810,10942
379898,10942
380225,10942
380919,10942
381104,10942
381253,10942
379895,10943
380662,10943
380847,10943
380932,10943
379660,10944
381250,10944
380107,10945
380154,10945
380221,10945
380519,10945
380785,10945
381324,10945
379522,10946
379592,10946
380217,10946
380542,10946
379954,10947
380155,10947
380275,10947
380742,10947
380346,10948
380415,10948
380554,10948
380873,10948
379872,10949
380814,10949
379608,10950
380679,10950
379391,10951
379456,10951
379593,10951
380995,10951
381029,10951
380802,10952
380083,10953
379477,10954
379686,10954
379804,10954
379943,10954
380544,10954
380926,10954
380916,10955
379556,10956
380411,10956
380428,10957
381241,10957
380215,10958
380787,10958
380849,10958
380378,10959
381129,10959
379519,10960
380086,10960
380369,10960
380459,10960
380831,10960
381052,10960
380065,10961
380198,10961
381146,10961
380442,10962
380456,10962
381039,10962
381109,10962
381187,10962
379409,10963
380191,10963
380638,10963
381269,10963
379848,10964
380595,10964
380994,10964
379710,10965
380255,10966
380518,10966
381134,10966
379457,10967
379821,10967
380393,10968
380305,10969
381137,10969
380481,10970
381041,10970
381296,10970
380741,10971
382994,10971
380317,10972
380499,10972
380394,10973
380918,10973
381142,10973
379513,10974
379671,10974
379867,10974
380376,10974
380101,10975
379400,10976
379413,10976
380707,10976
380830,10976
379958,10977
380729,10977
381265,10977
381288,10977
379386,10978
380363,10978
380632,10978
380879,10978
379682,10979
380976,10979
380287,10980
380716,10980
380113,10981
380770,10981
379601,10982
380490,10982
380539,10983
379589,10984
380265,10984
380386,10984
381090,10984
379610,10985
380126,10985
380313,10985
379744,10986
379917,10986
380017,10986
380474,10986
380765,10986
380322,10987
380894,10987
381024,10987
379856,10988
379994,10988
380384,10988
380983,10988
379479,10989
379790,10989
380745,10989
380818,10989
381015,10989
379809,10990
379839,10990
380613,10990
394616,10991
394705,10991
394824,10991
395174,10991
395405,10991
395445,10991
395479,10991
380761,10992
381077,10992
379631,10993
380044,10993
380303,10993
380985,10993
381054,10993
381275,10993
381284,10993
395440,10993
379473,10994
379521,10994
379547,10994
379783,10994
381049,10994
380226,10995
380998,10995
379398,10996
379542,10996
379808,10996
379884,10996
379669,10997
379813,10997
380568,10997
380734,10997
379430,10998
380886,10998
380581,11000
380783,11000
381188,11000
379455,11001
379979,11001
381047,11001
379421,11002
380201,11002
381301,11002
379725,11003
379893,11003
380206,11003
380269,11003
379928,11004
380135,11004
381738,11005
382820,11005
379685,11006
379441,11007
380187,11007
380722,11007
380925,11007
381303,11007
379548,11008
379605,11008
379752,11008
380041,11008
380177,11008
380891,11008
381079,11008
381257,11008
379424,11009
379454,11009
379539,11009
380385,11009
380404,11009
380688,11009
380870,11009
381166,11009
380066,11010
380329,11010
380486,11010
380494,11010
381270,11010
384492,11010
379708,11012
379720,11012
380409,11012
380743,11012
380788,11012
380913,11012
380085,11013
380584,11014
379889,11015
380030,11015
380239,11015
380312,11015
380752,11015
380953,11015
380984,11015
380993,11015
381316,11015
379849,11016
381298,11016
380786,11017
380812,11017
380899,11017
380990,11018
379624,11020
380365,11020
380693,11020
380789,11020
381167,11020
379652,11021
379678,11022
379719,11022
379737,11022
379861,11022
380254,11022
380310,11022
380465,11022
380608,11022
394895,11022
380036,11023
379699,11024
379887,11024
380048,11024
380078,11024
380515,11024
379515,11025
379921,11025
380749,11025
381151,11025
379618,11026
381018,11026
381136,11026
380027,11027
380912,11027
379431,11028
380382,11028
380462,11028
380668,11028
380917,11028
379565,11029
379502,11030
379721,11030
380612,11030
380796,11030
380889,11030
380117,11031
380982,11031
381152,11031
379496,11032
379946,11032
379961,11032
380055,11032
379769,11033
381194,11033
381237,11033
380845,11034
379986,11035
380222,11035
380395,11035
379447,11036
379818,11036
380670,11036
379937,11037
380536,11037
380572,11037
379577,11038
380012,11038
380190,11038
380326,11038
380359,11038
380565,11038
380170,11039
380241,11039
380643,11039
380890,11039
379816,11040
380102,11040
380132,11040
380306,11040
380582,11040
381069,11040
381103,11040
381121,11040
381130,11040
381230,11041
381313,11041
379501,11042
380328,11042
380492,11043
381083,11044
379680,11045
379916,11045
380104,11045
380940,11046
379908,11047
381098,11047
381213,11047
381231,11047
379483,11048
379564,11048
379851,11048
380297,11048
380476,11048
380673,11048
380936,11048
381097,11048
381118,11048
381124,11049
380063,11050
380230,11050
379743,11051
379774,11051
379992,11051
380724,11051
380843,11051
381138,11051
381266,11052
380514,11053
379661,11055
380240,11055
380839,11055
380697,11056
379606,11057
379972,11057
380780,11057
381007,11057
381268,11057
379798,11058
380149,11058
380488,11058
380804,11058
380832,11058
379870,11059
380263,11059
379642,11060
380298,11060
395276,11060
380054,11061
380657,11061
380823,11061
381011,11061
381116,11061
380797,11062
381177,11062
380892,11063
379735,11064
379844,11064
380167,11064
379996,11065
380505,11065
380533,11065
380622,11065
380978,11065
381064,11065
381201,11065
381214,11065
379971,11066
380552,11066
379537,11067
381113,11068
382999,11069
383000,11069
383001,11069
379520,11070
379833,11070
380227,11070
379723,11071
379859,11071
380609,11071
381010,11071
381100,11071
379681,11072
379728,11072
380009,11072
379948,11073
380231,11073
380162,11074
381127,11074
381228,11074
379620,11075
379597,11076
380008,11076
380957,11076
380656,11077
380723,11077
379630,11078
379722,11078
380026,11078
380503,11078
380588,11078
380820,11078
394873,11078
379914,11079
380010,11079
380642,11079
380178,11080
380813,11080
380842,11080
379613,11081
380094,11081
380969,11081
379981,11082
379976,11083
381051,11083
379837,11084
380116,11084
380598,11084
380744,11084
380939,11084
381249,11084
381273,11084
379965,11085
380589,11085
380653,11085
380941,11085
379385,11086
379399,11086
379566,11086
380247,11086
380650,11086
379881,11087
380284,11087
380364,11087
380997,11087
381006,11087
379436,11088
379472,11088
379691,11088
380321,11088
380469,11088
381174,11088
381161,11089
380807,11090
380858,11090
381023,11091
379388,11093
380197,11093
381323,11093
380616,11094
380935,11094
380603,11095
381028,11095
381245,11095
379628,11096
379882,11096
380790,11096
379481,11097
380257,11097
380264,11097
380767,11097
379475,11098
379877,11098
380366,11098
380541,11098
381026,11098
381215,11098
381310,11098
379709,11099
380740,11099
381038,11099
381274,11099
379526,11100
380186,11100
381209,11100
379736,11101
380510,11101
380857,11101
381082,11101
379418,11102
380023,11102
381207,11102
379557,11103
379907,11103
380053,11103
380692,11103
381267,11103
380991,11104
381159,11104
380175,11106
380502,11106
380526,11106
380219,11107
380586,11107
379422,11108
379831,11108
379891,11108
380034,11108
379730,11109
379751,11109
380391,11109
380778,11109
380863,11109
380901,11109
381200,11109
379846,11110
379896,11110
380079,11110
380207,11110
380323,11110
380781,11110
381059,11110
381246,11110
379802,11112
379960,11113
380509,11113
379396,11114
380816,11114
379453,11115
380070,11115
380316,11116
379534,11117
379598,11117
379824,11117
380402,11117
380841,11117
380996,11117
381185,11117
379460,11118
379492,11118
380295,11118
381155,11118
379551,11119
380381,11119
380452,11119
380527,11119
380876,11121
381114,11121
381281,11121
379494,11122
380966,11122
379773,11123
380333,11123
381043,11123
381061,11123
381247,11123
380965,11124
381251,11124
379999,11125
380039,11125
380468,11125
380477,11125
381314,11125
379440,11126
379498,11126
380194,11126
380988,11126
380623,11127
380739,11128
380311,11129
380853,11130
379684,11131
379838,11131
380504,11131
380958,11131
381108,11131
381244,11131
379758,11132
380281,11132
380437,11132
380618,11132
379585,11133
379615,11133
380392,11133
380675,11133
380771,11133
381002,11133
379486,11134
379639,11134
380881,11134
381633,11134
379420,11135
379500,11135
380268,11135
380838,11135
380851,11135
379469,11136
379879,11136
379883,11136
380285,11136
380546,11136
380576,11136
380171,11137
380238,11137
380353,11137
380464,11137
380801,11137
381060,11138
381206,11138
379390,11139
379464,11139
379926,11139
379959,11139
380396,11139
381084,11139
379562,11140
379575,11140
379651,11140
379707,11140
379855,11140
380213,11140
380685,11140
380764,11140
381199,11140
379558,11141
379962,11142
380819,11142
379588,11143
379778,11143
380283,11143
380390,11143
380561,11143
380861,11143
380872,11143
379643,11144
379806,11144
380068,11145
379764,11146
380373,11146
380424,11146
380540,11146
381046,11146
380183,11147
380414,11147
380882,11147
379546,11148
380522,11148
380556,11148
380714,11148
380977,11148
381170,11148
380314,11149
380746,11149
380755,11149
381120,11149
381294,11149
379775,11150
379934,11150
379982,11150
380427,11150
380480,11150
380699,11150
379573,11151
379956,11151
380020,11151
381125,11151
379978,11152
380451,11152
380923,11152
381105,11152
380443,11153
380639,11154
379832,11155
379843,11155
379899,11155
379922,11155
381148,11155
380081,11156
380751,11156
379862,11157
380103,11158
379544,11159
379897,11159
380156,11159
379646,11160
379801,11160
380069,11160
380138,11160
380553,11160
380644,11160
380696,11160
380756,11160
380809,11160
379759,11161
381282,11162
379627,11163
379701,11163
380004,11163
380315,11163
379574,11165
380636,11166
380736,11166
380806,11166
380829,11166
379784,11167
379935,11167
380091,11167
380158,11167
380389,11167
380434,11167
379401,11168
379632,11168
379635,11168
379869,11168
379909,11168
380551,11168
380646,11168
379683,11169
379915,11169
379901,11171
380185,11171
380715,11171
380868,11171
380150,11173
380002,11174
379984,11177
380906,11178
379554,11179
379905,11179
380246,11179
380658,11179
380704,11179
381193,11179
383705,11179
379482,11180
379633,11180
379638,11180
379841,11181
380340,11181
381001,11182
379508,11183
380051,11183
380172,11183
380731,11183
381190,11183
379927,11184
379799,11185
380165,11185
380986,11185
379499,11186
379655,11186
379742,11186
379993,11186
380136,11186
380128,11187
380621,11188
379885,11189
380686,11189
380719,11189
379761,11190
380304,11190
380538,11190
381262,11190
380949,11191
381016,11191
381131,11191
380140,11192
380228,11192
379910,11193
380419,11193
380862,11193
379445,11194
379692,11194
380703,11194
381135,11194
381220,11194
379713,11195
379797,11195
380444,11195
381063,11195
381099,11195
381210,11195
380119,11197
380826,11197
381102,11197
379842,11198
381322,11198
380032,11199
380073,11200
380224,11200
380637,11200
380648,11200
379603,11201
379860,11201
381238,11201
380523,11202
381217,11202
380453,11203
380460,11203
380712,11203
380730,11203
381216,11203
380336,11204
379612,11205
380320,11205
380418,11205
380717,11205
380854,11205
381110,11205
379394,11206
379796,11206
380794,11207
380479,11208
381027,11208
379864,11209
381154,11209
379411,11210
379854,11210
380106,11210
380500,11210
380590,11210
381300,11210
380449,11211
379782,11212
382490,11212
382617,11212
382625,11212
379594,11213
380090,11213
380324,11213
380840,11213
380911,11213
380930,11213
379792,11214
379975,11214
380484,11215
379450,11216
379514,11216
379572,11216
379595,11216
380133,11216
380611,11217
381277,11218
379933,11219
380309,11219
385684,11219
379580,11220
379918,11220
380118,11220
380122,11220
380355,11220
380562,11220
379785,11221
380634,11221
380665,11221
382893,11222
382894,11222
382895,11222
380445,11223
379949,11224
383140,11224
380617,11225
380875,11225
380981,11225
381158,11225
379463,11226
379997,11226
380233,11226
380769,11226
380822,11226
380827,11226
379694,11227
379688,11228
380575,11229
379511,11230
380080,11230
380074,11231
380232,11232
380251,11233
380270,11233
380855,11233
381169,11233
379397,11234
380349,11235
381256,11236
379461,11237
379703,11237
380076,11237
379679,11238
379980,11238
380571,11238
380614,11238
380528,11239
381040,11239
379695,11240
379776,11240
379985,11240
380350,11240
380033,11241
380229,11241
380243,11241
379543,11242
380042,11242
380548,11242
380666,11242
379738,11244
381096,11244
379820,11245
380046,11245
380151,11245
380619,11245
380779,11245
380142,11246
380379,11246
379488,11247
380352,11247
380844,11247
379906,11248
379953,11248
380131,11248
380435,11248
381031,11248
381111,11248
379850,11249
380570,11249
380848,11249
380960,11249
380970,11249
381815,11249
379506,11250
379604,11250
379451,11251
380454,11251
380954,11251
381319,11251
379609,11252
380914,11252
381286,11252
379423,11253
379947,11253
380280,11253
380684,11253
380735,11253
381318,11253
379512,11254
379753,11254
379763,11254
380383,11254
380496,11254
380706,11254
380757,11254
380956,11254
380987,11254
381180,11254
379687,11255
380208,11255
381674,11255
381675,11255
379448,11257
379668,11257
380195,11257
380274,11257
380768,11257
380859,11257
381140,11257
381280,11257
380516,11258
379518,11259
379777,11260
379970,11260
380436,11260
381088,11260
381128,11260
379835,11261
380064,11261
380852,11261
379693,11263
380974,11263
381315,11263
380491,11264
380907,11264
381065,11264
381191,11264
379435,11265
379788,11265
381122,11265
379416,11266
379528,11266
379740,11266
380773,11266
380821,11266
379700,11267
379866,11267
380174,11267
380698,11267
379827,11268
380377,11268
380016,11269
380710,11269
380718,11269
381289,11269
381292,11269
380938,11270
379487,11271
379590,11271
380808,11271
383774,11271
379647,11272
380271,11272
380626,11272
381299,11272
379497,11273
380921,11273
380014,11274
380289,11274
380307,11274
380431,11274
380660,11274
380667,11274
381171,11274
381254,11274
379874,11275
380758,11275
380920,11275
380955,11275
379476,11276
379768,11276
379822,11276
379823,11276
380676,11276
381276,11276
379579,11277
379819,11277
379929,11277
380109,11277
380532,11277
381000,11277
380139,11278
379432,11280
379718,11280
380168,11280
380327,11280
380441,11280
380493,11280
379988,11281
380098,11281
380152,11281
380652,11281
380942,11281
379749,11282
379894,11282
379945,11282
380291,11282
380362,11282
380146,11283
380288,11283
380535,11283
382967,11283
379443,11284
379561,11284
379641,11284
379868,11284
380037,11284
380144,11284
381157,11284
381224,11284
379951,11285
379582,11286
379645,11286
380145,11286
380256,11286
380511,11286
380223,11288
380348,11288
380096,11289
381074,11289
381196,11289
379408,11290
379484,11290
380052,11290
380062,11290
380248,11290
379814,11291
380344,11291
380732,11291
380803,11291
381165,11291
380061,11292
380432,11292
379535,11293
379715,11293
379920,11293
380011,11293
381066,11293
385888,11293
385894,11293
379754,11294
379787,11294
380077,11294
380928,11294
381240,11294
382480,11294
379395,11295
379552,11295
380209,11295
380506,11295
380508,11295
380800,11295
381143,11295
379640,11296
380401,11298
380482,11298
379437,11299
380811,11299
380946,11299
381106,11299
379741,11300
380398,11300
381312,11300
380176,11301
380337,11301
380261,11302
379657,11303
380038,11304
379913,11305
380563,11305
379672,11306
380087,11306
379912,11307
380628,11307
393129,11307
379793,11308
380114,11308
380498,11308
380610,11308
380664,11308
379387,11309
380530,11309
380869,11309
383816,11309
381030,11310
380006,11311
380299,11311
380630,11311
379393,11312
379704,11312
380159,11312
381019,11312
379966,11313
380426,11313
380645,11313
380776,11313
379666,11314
379995,11314
380189,11314
380214,11314
381033,11315
381348,11316
381353,11316
381370,11316
381354,11317
381328,11318
381336,11318
381361,11318
381379,11318
381391,11318
381332,11319
381365,11319
381375,11319
381383,11319
381396,11319
381400,11319
381326,11320
381385,11320
381395,11320
381337,11321
381359,11321
381364,11321
381380,11321
381382,11321
381386,11321
381387,11321
381338,11322
381373,11322
381334,11323
381357,11323
381371,11323
381390,11323
381327,11325
381331,11325
381342,11325
381350,11325
381356,11325
381389,11325
381367,11328
381346,11329
381360,11329
381330,11330
381345,11330
381392,11330
381344,11333
381363,11333
381393,11333
381399,11333
381329,11334
381333,11334
381341,11334
381352,11334
381377,11334
381378,11334
381397,11334
381335,11335
381339,11335
381366,11335
381368,11335
381374,11335
381351,11336
381355,11336
381358,11336
381362,11336
381372,11336
381376,11336
381388,11336
381325,11337
381340,11337
381343,11337
381369,11337
381381,11337
381384,11338
381402,11339
381410,11339
381411,11339
381413,11339
381416,11339
381401,11340
381412,11340
381414,11341
381418,11342
381420,11342
381427,11342
381426,11343
381436,11343
381444,11343
381445,11343
381422,11344
381437,11344
381446,11344
381448,11344
381423,11345
381424,11345
381425,11345
381429,11345
381439,11345
381428,11346
381442,11346
381447,11346
381451,11346
381421,11347
381432,11347
381434,11347
381435,11347
381440,11347
381454,11347
381419,11348
381433,11348
381441,11348
381443,11348
381452,11348
381453,11348
381417,11349
381430,11349
381431,11349
381438,11349
381449,11349
381450,11349
381457,11351
381458,11351
381459,11351
381460,11351
381462,11351
381472,11351
381473,11351
381464,11352
381467,11352
381469,11352
381474,11352
381455,11353
381463,11353
381465,11353
381466,11353
381471,11353
381456,11354
381461,11354
381470,11354
381477,11357
381481,11357
381482,11357
381484,11357
381486,11357
381487,11357
381490,11357
381479,11358
381480,11358
381475,11359
381485,11359
381488,11359
381491,11359
381492,11359
381489,11360
381511,11362
381528,11362
381541,11362
381493,11363
381510,11363
381515,11363
381523,11363
381534,11363
381507,11364
381517,11364
381522,11364
381546,11364
381499,11365
381531,11365
381527,11366
381530,11367
381495,11368
381501,11368
381526,11368
381504,11369
381521,11370
381496,11372
381524,11372
381540,11372
381542,11372
381543,11372
382357,11372
381506,11373
381514,11373
381516,11373
381498,11374
381503,11374
381532,11374
381538,11374
381545,11374
381497,11375
381520,11375
381529,11375
381544,11375
381509,11376
381513,11376
381533,11376
381494,11379
381500,11379
381535,11379
381539,11379
381547,11379
381512,11381
381536,11381
381537,11381
381548,11382
381561,11382
381550,11383
381552,11383
381553,11383
381555,11383
381557,11383
381560,11383
381562,11383
381564,11384
381558,11386
381549,11387
381559,11387
381566,11388
381567,11389
381569,11389
381571,11389
381572,11389
381573,11389
381583,11389
381568,11390
381576,11390
381578,11390
386683,11390
381570,11391
381582,11391
381575,11392
381579,11392
381580,11392
381581,11392
381574,11393
381587,11394
381600,11394
381601,11394
381607,11394
381586,11395
381589,11395
381608,11395
381585,11397
381593,11397
381596,11397
381602,11397
381603,11397
381604,11397
381584,11398
381588,11398
381594,11398
381598,11398
381605,11398
381606,11398
381590,11399
381592,11399
381597,11399
381591,11400
381595,11400
381599,11400
381614,11402
381616,11402
381619,11402
381622,11402
381609,11403
381620,11403
381613,11404
381623,11404
381610,11405
381612,11405
381617,11405
381624,11405
381625,11406
381626,11406
381627,11406
381628,11406
381629,11406
381630,11406
381631,11406
381632,11406
381642,11407
381646,11407
381647,11407
381640,11408
381641,11408
381649,11408
381655,11408
381657,11408
381636,11409
381638,11409
381658,11411
381659,11411
381639,11412
381652,11412
381654,11412
381660,11412
381664,11412
381644,11413
381645,11413
381653,11413
381634,11414
381651,11414
381668,11415
381665,11416
381667,11416
381669,11416
381666,11417
381670,11417
381671,11418
381672,11418
381673,11418
381682,11420
381683,11420
381684,11420
381688,11420
381689,11420
381697,11420
381691,11421
381687,11423
381685,11424
381686,11424
381690,11424
381692,11424
381696,11424
381693,11425
381694,11425
381708,11426
381713,11426
381719,11426
381732,11427
381710,11428
381711,11428
381727,11428
381699,11429
381709,11429
381726,11429
381733,11429
381700,11430
381703,11430
381714,11430
381717,11430
381729,11430
381706,11431
381715,11431
381718,11431
381720,11431
381724,11431
381730,11431
381731,11431
381734,11431
381698,11432
381701,11432
381702,11432
381704,11432
381705,11432
381722,11432
381723,11432
381707,11433
381721,11433
381728,11433
381712,11434
381716,11434
381725,11434
381735,11435
381740,11436
381742,11436
381745,11438
381753,11438
381754,11438
381757,11438
381743,11439
381746,11439
381755,11439
381756,11439
384883,11439
381744,11441
381747,11441
381750,11441
381751,11441
381758,11441
381749,11442
381759,11443
381760,11444
381761,11445
381762,11445
381763,11445
381764,11445
381765,11445
381766,11446
381768,11446
381771,11446
390630,11446
381767,11447
381769,11447
381770,11447
381772,11448
381773,11448
381776,11448
381774,11450
381775,11450
384203,11451
384210,11451
385073,11451
385937,11451
381777,11452
381781,11452
381778,11453
381779,11453
381780,11453
381782,11454
381785,11454
381788,11454
381790,11454
384775,11454
381783,11456
381792,11456
381795,11457
381796,11457
381797,11457
381794,11458
381798,11458
381800,11459
381803,11459
381806,11459
381809,11459
381807,11460
381799,11461
381804,11461
381801,11462
381805,11463
381811,11463
381802,11464
381808,11464
381812,11465
381813,11465
381814,11465
381946,11466
381947,11466
381823,11467
381817,11468
381818,11468
381819,11468
381820,11468
381822,11468
381816,11469
381821,11469
381824,11470
381826,11472
381827,11472
381828,11472
381829,11473
381831,11473
382855,11473
382858,11473
381842,11474
381844,11474
381845,11474
381864,11474
381868,11474
381832,11475
381866,11475
382837,11476
382845,11476
382846,11476
382849,11476
382851,11476
381839,11477
381852,11477
381856,11477
381862,11477
381867,11477
381846,11478
381859,11478
381860,11478
381865,11478
381836,11479
381837,11479
381850,11479
381861,11479
381841,11480
382840,11481
382844,11481
381838,11482
381853,11482
381854,11482
381855,11482
381834,11483
381840,11483
381835,11484
381847,11484
381857,11484
381858,11484
381863,11484
381833,11485
381848,11485
381849,11485
381869,11485
381843,11486
381851,11486
381879,11487
381889,11487
381897,11487
381898,11487
381870,11488
381896,11488
381904,11488
381908,11488
381873,11489
381884,11489
381895,11489
381905,11489
381881,11490
381882,11491
381894,11492
381874,11493
381875,11493
381876,11493
381880,11493
381906,11494
381883,11495
381885,11495
381871,11496
381877,11496
381886,11496
381891,11496
381902,11496
381890,11498
381892,11498
381893,11498
381878,11499
381888,11499
381899,11499
381903,11499
381907,11499
381872,11500
381887,11500
381900,11501
381901,11501
381909,11502
381920,11502
381915,11503
381918,11503
382060,11503
381910,11504
381911,11504
381919,11504
381923,11505
381912,11506
381913,11506
381916,11506
381917,11506
381925,11507
381927,11507
394678,11507
395062,11507
395267,11507
381924,11508
381926,11508
383212,11508
386748,11508
386750,11508
381929,11509
384597,11509
381928,11510
381930,11511
381931,11511
381932,11511
381933,11511
381934,11512
381941,11512
381942,11512
381948,11513
381949,11513
381967,11513
381968,11513
381973,11513
381977,11513
381978,11513
381980,11513
381984,11513
381961,11514
381974,11514
381958,11515
381975,11515
381953,11516
381957,11516
381963,11516
381976,11516
381954,11517
381956,11517
381966,11517
381959,11518
381964,11518
381971,11518
381950,11519
381981,11519
381983,11519
381970,11520
381962,11521
381979,11521
381951,11522
381952,11522
381960,11522
381965,11522
381969,11522
381985,11524
390007,11524
390028,11524
381986,11525
382006,11526
382027,11526
381995,11527
382000,11527
382003,11527
382007,11527
382022,11527
382031,11527
381997,11528
381998,11528
382009,11528
381993,11529
382001,11529
382002,11529
382023,11529
388203,11529
388231,11529
381991,11530
382016,11530
382019,11530
381989,11531
382026,11531
381996,11532
382014,11532
382028,11532
381987,11533
381988,11533
382012,11533
382005,11534
382017,11534
382020,11534
382010,11535
382021,11535
382024,11535
382025,11535
382013,11536
381994,11537
381999,11537
382004,11537
382011,11537
382015,11537
382029,11537
382033,11538
382034,11538
382035,11538
383969,11538
382063,11539
382096,11539
382111,11539
382089,11540
382106,11540
382041,11541
382067,11541
382090,11541
382100,11541
382110,11541
382036,11542
382065,11542
382079,11542
382094,11542
382097,11542
382048,11543
382054,11543
382056,11543
382083,11543
382103,11543
382039,11544
382042,11544
382053,11544
382112,11544
382049,11545
382076,11545
382071,11546
382093,11546
382099,11546
382064,11547
382078,11547
382055,11548
382105,11548
382075,11549
382091,11549
382047,11550
382050,11550
382052,11550
382066,11551
382068,11551
382084,11551
382040,11552
382086,11552
382037,11553
382057,11553
382077,11553
382080,11553
382085,11553
382088,11553
382098,11553
382038,11554
382070,11554
382109,11554
382970,11554
382051,11555
382058,11555
382044,11556
382045,11557
382046,11557
382061,11557
382081,11557
382113,11557
382073,11558
382059,11559
382072,11559
382087,11559
382095,11559
382102,11559
382108,11559
382069,11560
382082,11560
382101,11560
382107,11560
382043,11561
382062,11561
382074,11561
382092,11561
382104,11561
382114,11561
382115,11562
382116,11562
382121,11562
382123,11562
382118,11563
382130,11563
382136,11563
382145,11563
382358,11563
382117,11564
382133,11564
391514,11564
391517,11564
382132,11565
382135,11565
382138,11565
382147,11565
382157,11565
382159,11565
382139,11566
382120,11567
382126,11567
382127,11567
382150,11567
382153,11567
382156,11568
382142,11569
382148,11569
382119,11570
382143,11570
382149,11570
382152,11570
382155,11570
382124,11571
382125,11571
382128,11571
382129,11571
382140,11571
382146,11571
382151,11571
382154,11571
382141,11572
382122,11573
382131,11573
382134,11573
382137,11573
382144,11573
382158,11573
382161,11574
382163,11575
382165,11575
382167,11575
382162,11576
382164,11576
382166,11576
382169,11576
382170,11576
382171,11576
382160,11577
382168,11577
382175,11578
382183,11578
382172,11579
382178,11579
382180,11579
382184,11579
382177,11580
382182,11580
382189,11581
382188,11582
382191,11582
382193,11582
382185,11583
382186,11583
382187,11583
382190,11583
382192,11583
382194,11583
382195,11585
382196,11585
389253,11585
391229,11585
382197,11586
389324,11586
389342,11586
382198,11587
382201,11587
382202,11587
382199,11588
382200,11588
389303,11588
389319,11588
389333,11588
389335,11588
382203,11589
382204,11589
382205,11589
382207,11589
382208,11589
382206,11590
382211,11591
382212,11591
382213,11591
382209,11592
382210,11592
382214,11592
382215,11593
382216,11593
382217,11593
382218,11593
382225,11593
382221,11594
382224,11594
382226,11594
386044,11594
382220,11595
382227,11595
385307,11595
382219,11596
382222,11596
382223,11596
382632,11596
382635,11596
382228,11597
382229,11597
382230,11597
382231,11597
382235,11597
384107,11597
382237,11598
382253,11598
382266,11598
382243,11599
382249,11599
382261,11599
382267,11599
382288,11599
382256,11600
382290,11600
382236,11601
382240,11602
382255,11602
382260,11602
382264,11602
382284,11602
382292,11602
382247,11603
382254,11603
382258,11603
382265,11603
382269,11603
382278,11603
382291,11603
382246,11604
382251,11604
382252,11604
389603,11604
382239,11605
382280,11605
382282,11605
386578,11605
382248,11606
382275,11606
382289,11606
382238,11607
382259,11607
382273,11607
382274,11607
382283,11607
382245,11608
382250,11608
382263,11608
382271,11608
382272,11608
382276,11608
382262,11609
382268,11609
382270,11609
382286,11609
382287,11609
382293,11609
382241,11610
382244,11610
382257,11610
382242,11611
382277,11611
389598,11611
382279,11612
382294,11613
382296,11613
382299,11613
382302,11613
382295,11614
382300,11614
382303,11614
382305,11614
382301,11615
382304,11615
382298,11616
382306,11616
391016,11616
391033,11616
391048,11616
382297,11617
385303,11617
382310,11618
382308,11619
382309,11619
382311,11619
382312,11619
382313,11619
383637,11619
383644,11619
382320,11620
382326,11620
382317,11621
382323,11621
382325,11622
382315,11623
382318,11623
382319,11623
382324,11623
386509,11623
382316,11624
382322,11624
395959,11624
396015,11624
396239,11624
382321,11625
383714,11625
382335,11626
382344,11626
382347,11626
382332,11627
382333,11627
382334,11627
382336,11627
382337,11627
382351,11627
382328,11628
382330,11628
382340,11628
382348,11628
382349,11628
382350,11628
382353,11628
382339,11629
382354,11629
382329,11630
382331,11630
382338,11630
382343,11630
382346,11630
382355,11631
382356,11631
382341,11632
382345,11632
382360,11633
382361,11633
382371,11633
396451,11633
382362,11634
382376,11634
382382,11634
382384,11634
382364,11635
382377,11635
382380,11635
382366,11636
382373,11636
382374,11636
382379,11636
382363,11637
382365,11637
382370,11638
382367,11639
382368,11639
382372,11639
382359,11640
382378,11640
382383,11640
382369,11641
382375,11641
382381,11641
382385,11641
382386,11642
382387,11642
382388,11642
382389,11642
382391,11643
382392,11643
382390,11644
382395,11645
382396,11645
382397,11645
382399,11645
382404,11645
386846,11645
382398,11647
382393,11648
382807,11648
387479,11648
382394,11649
382400,11649
396585,11649
396586,11649
382403,11650
382401,11651
382402,11652
382409,11654
382410,11654
382414,11654
382416,11654
382417,11654
382406,11655
382408,11655
382411,11655
382412,11655
382413,11655
382415,11655
382418,11655
382405,11656
382419,11656
382423,11657
387140,11657
382420,11658
382421,11658
382422,11658
382424,11658
382425,11658
382428,11659
382429,11660
382433,11660
382434,11660
382439,11660
382440,11660
382442,11660
382446,11660
382427,11661
382430,11661
382432,11662
382437,11662
382441,11662
382435,11663
383102,11663
383114,11663
384705,11663
384707,11663
382436,11664
382438,11664
382444,11664
382447,11664
382449,11665
382451,11665
382452,11665
382456,11665
382450,11666
382454,11666
382458,11666
382453,11667
382455,11667
382457,11667
382459,11669
382462,11669
382461,11670
382460,11671
382463,11671
382464,11671
382542,11672
382582,11672
382634,11673
391134,11673
382466,11674
382519,11674
382536,11674
394403,11674
382511,11675
382535,11675
382558,11675
386129,11675
386131,11675
386133,11675
382473,11676
382594,11676
382498,11677
382507,11677
382533,11677
382578,11677
382589,11677
382646,11677
386845,11677
386848,11677
386849,11677
382475,11678
382479,11678
382489,11678
382547,11678
382576,11678
382637,11678
382485,11679
382560,11679
382652,11679
382495,11680
382618,11680
382648,11680
386217,11680
382565,11681
382482,11682
382541,11682
382579,11682
382608,11682
382610,11682
382488,11683
382517,11683
382486,11684
382557,11684
382580,11684
382614,11684
382505,11685
382559,11685
382613,11685
382629,11685
382630,11685
382654,11685
382469,11686
382509,11686
382514,11686
382530,11686
382604,11686
382612,11686
382628,11686
382636,11686
382470,11687
382624,11687
383470,11687
383475,11687
383477,11687
383503,11687
382601,11688
382532,11689
382653,11689
382467,11690
382550,11690
382585,11690
382590,11690
382626,11690
382483,11691
382574,11691
382643,11691
389634,11691
382502,11692
382561,11692
382571,11692
382573,11692
382622,11692
384033,11692
382508,11694
382524,11694
396584,11695
382476,11696
382516,11696
382586,11696
394886,11696
395172,11696
396703,11696
382503,11697
382506,11697
382587,11697
396561,11697
396562,11697
396563,11697
382494,11698
382526,11698
382556,11698
382591,11698
382619,11698
382647,11698
394535,11698
394883,11698
382548,11699
382596,11699
382599,11700
386215,11700
390858,11700
382504,11701
389320,11701
389322,11701
382492,11702
382570,11703
382577,11703
382593,11705
382539,11706
382549,11706
382592,11706
382609,11706
382521,11707
382543,11707
396569,11707
396570,11707
382474,11708
382496,11708
382512,11708
382602,11708
382481,11709
382491,11709
382499,11709
382510,11709
382527,11709
382568,11709
382638,11710
382639,11710
382641,11710
382518,11711
382538,11711
382540,11711
382583,11711
382607,11711
382616,11711
382545,11712
382554,11712
382640,11712
382546,11713
382633,11713
382642,11713
382523,11714
382655,11714
382650,11715
382581,11716
383482,11716
396217,11716
382487,11717
382552,11717
382605,11717
382620,11717
382478,11718
382497,11718
382563,11718
382627,11718
382651,11718
383093,11718
382572,11719
382597,11719
382631,11719
382644,11719
382588,11720
382645,11720
382471,11721
382537,11721
382562,11721
382575,11721
382595,11721
389555,11721
382468,11722
382472,11722
382493,11722
382515,11722
382623,11722
382477,11723
382621,11723
382500,11724
382598,11724
382615,11724
382649,11724
382465,11725
382501,11725
382484,11726
382564,11726
382606,11726
395631,11726
382555,11727
389802,11727
389805,11727
389808,11727
395907,11727
382544,11728
382569,11728
382584,11728
382603,11728
382551,11729
382567,11729
382657,11730
382674,11730
387495,11730
382662,11731
382672,11731
382678,11731
383220,11732
383222,11732
383224,11732
382661,11733
382665,11733
382666,11733
382681,11733
382682,11733
382683,11733
382664,11734
382668,11734
382673,11734
382675,11734
382679,11734
382686,11734
382689,11734
382690,11734
384323,11734
382658,11735
382667,11735
382676,11735
382669,11736
382660,11737
382685,11737
382687,11737
383869,11737
383870,11737
395569,11737
382670,11738
382671,11738
382656,11739
382663,11739
382677,11739
382684,11739
382688,11739
382659,11740
382680,11740
383881,11740
395710,11740
382691,11741
382693,11741
382695,11741
382698,11741
382699,11741
382692,11742
382694,11742
382696,11742
382697,11742
382700,11743
382702,11743
382703,11743
382704,11743
382701,11744
382709,11745
382705,11746
382706,11746
382708,11746
385422,11746
382707,11747
382710,11748
382712,11748
382714,11748
382711,11749
382713,11749
382715,11750
382716,11750
382717,11750
382721,11752
382722,11752
382718,11753
382723,11753
382726,11753
382728,11753
382720,11754
391726,11754
391732,11754
391758,11754
391762,11754
382725,11755
382719,11756
382724,11756
382727,11756
382729,11757
382740,11757
382743,11757
382747,11757
382733,11758
382730,11759
382741,11759
382735,11760
382744,11760
388904,11760
388916,11760
382736,11761
382731,11762
382738,11762
382739,11762
382734,11763
382737,11763
382745,11763
382746,11763
389874,11763
382732,11764
382742,11764
382749,11765
382750,11765
382752,11765
382753,11765
384309,11765
382748,11766
382751,11766
382755,11766
382754,11767
382756,11767
382762,11768
382774,11768
382785,11768
382757,11769
382767,11769
382784,11769
382760,11770
382765,11770
382766,11770
382780,11770
382764,11771
382768,11771
382769,11771
382782,11771
383159,11771
383160,11771
383165,11771
383168,11771
382758,11772
382763,11772
382770,11772
382773,11772
382775,11772
382781,11772
382772,11773
382776,11773
382779,11773
382783,11773
382759,11774
382761,11774
382778,11774
382777,11776
382771,11777
382806,11778
394706,11778
394745,11778
394830,11778
395481,11778
382788,11779
382803,11779
385899,11779
385901,11779
382795,11781
382800,11781
382809,11781
382810,11783
382817,11784
382786,11785
382798,11785
382804,11786
382805,11786
382812,11786
382815,11786
382816,11786
382787,11787
382793,11787
382796,11787
382799,11787
382801,11787
382814,11787
382791,11788
382808,11788
386667,11788
386671,11788
382794,11789
382811,11789
382813,11789
382790,11790
382789,11791
382792,11791
382797,11791
382802,11791
382818,11792
382819,11792
391480,11792
382823,11793
394723,11793
394960,11793
382821,11794
382822,11794
386703,11794
395374,11794
382828,11795
382831,11795
382824,11796
382829,11796
382832,11796
396455,11796
382825,11797
382826,11797
382827,11797
382830,11797
382833,11797
382834,11798
382835,11798
382836,11798
382839,11799
382842,11799
382843,11799
382850,11799
382852,11799
382841,11801
382853,11802
382859,11802
382857,11803
382860,11803
382856,11806
382861,11807
382868,11808
382878,11808
382879,11808
382880,11808
382881,11808
382862,11809
382866,11809
382867,11809
382877,11809
382874,11811
382875,11811
382882,11811
382876,11812
382864,11813
382865,11813
382871,11813
382873,11813
382884,11814
384098,11814
384099,11814
384102,11814
384103,11814
384104,11814
382883,11815
382885,11815
382886,11815
382887,11815
382888,11816
382889,11816
382896,11819
382898,11819
382903,11820
382905,11821
382899,11822
382900,11822
382901,11822
382902,11822
382904,11822
382906,11822
389458,11822
389463,11822
382907,11823
382908,11823
382909,11823
382910,11823
382911,11825
382912,11825
382913,11826
382918,11827
382927,11827
382930,11827
382931,11827
382940,11827
382916,11828
382926,11828
382937,11828
382950,11828
382917,11829
382924,11829
382929,11829
382933,11829
382942,11829
382945,11829
382946,11829
382952,11830
382922,11831
382934,11831
382939,11831
385793,11831
382928,11832
382932,11832
382935,11832
382941,11832
382948,11832
382943,11833
382944,11833
382949,11833
382919,11834
382920,11834
382923,11834
382936,11834
382947,11834
382915,11835
382921,11835
382925,11835
382951,11835
382963,11836
382964,11836
382966,11836
384422,11836
384423,11836
382956,11837
382957,11837
382959,11837
382960,11837
382962,11837
382961,11838
382965,11839
382955,11840
382958,11840
396618,11840
382968,11841
382971,11842
382974,11843
382975,11843
382976,11843
382973,11845
382977,11848
382978,11849
382979,11850
382980,11850
382981,11851
382982,11851
382988,11853
382992,11853
382987,11854
382991,11854
382989,11855
382998,11855
383002,11856
383003,11856
383004,11856
383005,11856
383006,11857
383007,11857
383011,11859
383018,11859
383009,11860
383010,11860
383012,11861
383024,11861
389710,11861
389716,11861
383022,11862
383013,11863
383020,11863
383023,11863
383014,11864
383015,11864
383019,11864
383025,11864
383008,11865
389796,11865
389800,11865
383016,11866
383017,11866
383021,11866
383026,11866
383027,11866
395989,11866
396298,11866
383030,11867
383046,11867
383051,11867
383070,11867
383073,11867
383054,11868
383068,11868
383786,11869
383795,11869
385907,11869
389879,11869
383040,11870
383028,11871
383029,11871
383031,11871
383042,11872
383047,11872
383069,11872
383058,11873
383066,11873
383036,11874
383055,11874
383064,11874
383037,11875
383065,11875
383039,11876
383041,11876
383044,11876
383053,11876
383057,11876
383062,11876
383032,11877
383034,11877
383061,11877
383067,11877
383075,11878
383035,11879
383038,11879
383050,11879
383072,11879
383074,11879
383033,11880
383048,11880
386379,11880
386402,11880
386415,11880
383059,11881
383060,11881
383078,11882
383063,11883
391500,11883
391505,11883
391509,11883
383052,11884
383043,11885
383071,11885
383045,11886
383056,11887
383077,11887
383049,11888
383076,11888
383082,11889
383086,11890
383087,11890
383090,11890
383094,11890
383083,11891
383088,11891
383079,11892
383081,11892
383085,11892
383091,11893
383084,11894
383092,11894
388418,11894
388445,11894
383080,11895
383089,11895
383097,11896
383099,11896
383103,11896
383117,11897
383108,11898
383111,11898
383112,11898
383098,11899
383100,11899
383107,11899
383110,11899
393786,11899
383096,11900
383101,11900
383109,11900
383113,11900
383116,11900
383118,11900
387962,11900
387970,11900
387975,11900
395290,11900
383104,11901
393838,11901
393839,11901
393840,11901
383106,11902
383115,11902
383105,11903
383095,11904
383119,11905
383120,11905
383121,11905
383122,11906
383669,11906
383695,11906
383123,11907
383124,11907
383125,11907
383657,11907
383126,11908
383127,11908
383128,11908
383129,11908
383132,11909
383143,11909
383146,11909
383147,11909
383149,11909
388790,11909
383138,11910
383139,11910
383142,11910
383148,11910
383131,11911
383133,11911
383134,11911
383144,11911
383137,11912
383141,11912
383145,11912
383130,11913
383135,11913
383136,11913
383150,11913
383152,11914
383153,11914
383154,11914
383151,11915
383155,11915
383156,11915
383157,11915
383158,11915
383161,11916
383162,11916
383163,11916
383167,11916
383164,11917
383166,11917
383169,11918
383170,11918
384364,11919
384774,11919
383197,11920
383209,11920
383178,11921
388900,11921
391695,11921
383176,11923
383181,11924
383186,11924
383211,11924
383215,11924
383172,11925
383204,11926
383182,11927
383185,11927
383193,11928
383179,11929
383201,11929
383213,11929
383198,11930
383205,11930
383177,11931
383183,11931
383196,11932
383203,11932
383175,11933
383184,11933
383195,11933
383202,11933
383206,11933
383210,11933
383200,11934
383191,11935
383180,11937
383188,11937
383192,11937
383194,11937
383214,11937
383173,11938
383174,11938
383189,11938
383207,11938
383208,11938
390976,11938
390977,11938
383227,11939
383233,11939
387514,11939
387515,11939
383216,11940
383219,11940
383226,11940
383228,11940
383231,11940
383217,11941
383218,11941
383221,11941
383223,11941
383225,11941
383229,11941
383230,11941
383232,11941
387498,11941
387500,11941
387643,11941
383236,11942
383237,11942
383238,11942
383239,11942
386635,11942
383234,11943
383235,11943
383241,11944
383242,11944
383244,11944
383246,11944
383247,11944
383249,11944
390597,11944
390603,11944
383240,11945
383243,11945
383245,11945
383248,11945
383250,11945
383251,11945
383254,11946
383255,11946
383256,11946
383259,11946
383260,11946
383261,11946
383252,11947
383253,11947
383257,11947
383258,11947
383278,11948
383281,11948
383282,11949
383270,11950
383293,11950
383273,11951
383289,11951
383290,11951
383298,11951
383262,11953
383272,11953
383276,11953
383284,11953
383294,11953
383266,11954
383283,11954
385623,11955
385632,11955
385645,11955
383267,11956
383275,11956
383295,11956
385644,11956
383271,11957
383279,11957
383287,11957
383291,11957
383292,11957
383263,11958
385617,11958
385639,11958
383268,11959
383285,11959
383288,11959
385634,11959
385636,11959
385643,11959
385659,11959
383265,11961
383280,11961
383286,11961
383297,11961
383299,11961
383300,11961
383301,11961
383264,11962
383277,11962
383303,11963
383308,11963
383302,11964
383310,11964
383314,11964
386616,11964
386624,11964
386625,11964
383311,11965
396412,11965
396423,11965
396430,11965
396431,11965
383304,11966
383306,11966
383307,11966
383309,11966
383312,11966
383305,11967
383313,11967
383320,11968
383326,11968
388745,11968
388747,11968
393579,11968
383319,11969
383323,11969
383324,11969
383327,11969
383329,11969
383315,11970
383321,11970
383322,11970
383325,11970
383328,11970
383317,11971
386827,11971
386830,11971
386831,11971
386834,11971
386835,11971
386838,11971
386840,11971
386841,11971
386843,11971
386844,11971
383316,11972
383318,11972
383330,11973
383332,11973
383335,11974
383338,11974
388995,11974
389001,11974
383336,11975
383331,11976
383334,11976
395056,11976
383337,11977
383333,11978
395885,11978
396046,11978
383345,11979
383352,11979
395686,11979
396043,11979
383340,11980
383341,11980
383342,11980
383343,11980
383344,11980
383353,11980
383346,11981
383348,11981
383349,11981
383351,11981
394258,11981
383339,11982
383347,11982
383350,11982
383354,11982
383360,11983
383359,11984
383362,11985
383357,11986
383514,11986
383355,11987
383358,11987
392236,11987
383365,11988
394852,11988
395145,11988
383356,11989
383361,11989
383366,11989
392228,11989
383363,11990
383364,11990
383367,11990
395838,11990
396093,11990
383391,11991
383396,11991
383371,11992
383382,11992
383376,11993
383381,11993
383398,11993
383373,11994
383384,11994
383389,11994
383393,11994
383394,11994
383395,11994
383377,11995
383378,11995
383385,11995
383390,11995
383399,11995
388788,11995
383379,11996
383380,11996
383386,11996
383387,11996
383400,11996
383372,11997
383374,11997
383369,11998
383370,11998
383375,11998
383383,11998
383388,11998
383392,11998
383397,11998
383401,11998
383403,11999
383404,11999
383402,12000
383405,12000
383406,12000
395146,12000
383411,12001
383412,12001
383416,12001
383407,12002
383409,12002
383410,12002
383414,12002
383415,12002
383419,12002
383420,12002
383413,12003
383417,12003
383408,12004
383418,12004
383424,12006
383426,12006
383429,12006
383425,12007
383427,12008
383422,12009
383428,12010
383445,12011
383449,12011
383455,12011
383457,12011
383432,12012
383442,12012
383451,12012
383456,12012
383437,12013
383439,12013
383458,12013
383431,12014
383454,12014
383435,12015
383438,12015
383440,12015
383443,12015
383452,12015
383434,12016
383436,12016
383441,12016
383450,12016
383433,12017
383444,12017
383446,12017
383447,12017
383448,12017
383459,12017
383430,12018
383453,12018
391533,12018
393173,12018
393301,12018
383464,12019
383467,12019
383468,12019
383460,12020
383462,12020
383465,12020
383469,12020
384839,12020
384842,12020
383461,12021
383463,12021
383466,12021
386216,12021
383499,12022
383500,12022
383484,12023
383551,12024
383491,12025
383496,12025
383498,12025
383481,12026
383492,12026
383501,12026
390382,12026
390387,12026
390392,12026
390396,12026
383478,12027
394566,12027
395138,12027
383471,12028
383487,12028
383480,12029
383485,12029
383490,12029
383502,12029
383504,12029
394672,12029
383483,12030
390205,12030
390226,12030
383472,12031
383486,12031
383489,12031
383476,12032
383488,12032
383473,12033
383479,12033
383495,12033
383497,12033
390438,12033
383493,12034
390375,12034
390391,12034
390411,12034
383494,12035
383474,12036
383505,12038
383506,12038
383507,12038
383508,12038
383509,12038
383510,12039
383511,12039
383521,12039
383512,12040
383515,12040
383520,12040
383513,12041
383516,12041
383517,12041
383518,12041
383519,12041
387989,12041
388000,12041
383523,12042
383525,12042
391720,12042
383522,12043
383526,12043
383524,12044
387490,12044
387508,12044
383527,12045
383529,12045
383533,12045
383542,12045
383543,12045
383544,12045
383548,12045
383550,12045
383528,12046
383534,12046
383537,12046
383540,12046
383549,12046
383539,12047
383546,12047
383531,12048
383536,12048
383541,12048
383547,12048
383530,12049
383535,12049
383538,12049
383545,12049
385338,12049
383532,12050
383552,12051
383554,12051
383555,12051
383556,12051
383557,12051
383553,12052
383561,12053
383567,12053
383573,12053
383560,12054
383564,12054
383565,12054
383566,12054
383574,12054
383562,12055
383568,12055
383576,12055
383578,12055
385287,12055
389410,12055
389412,12055
383571,12056
383577,12056
383558,12057
383559,12057
383563,12057
383569,12057
383570,12057
383572,12057
383575,12057
383591,12058
383582,12059
383593,12059
383587,12060
383589,12060
389301,12060
389314,12060
389348,12060
383579,12061
383583,12061
383588,12061
383581,12062
383586,12062
383590,12062
383580,12063
383584,12063
383585,12063
383592,12063
383594,12064
383595,12064
383596,12064
392572,12064
392579,12064
383602,12065
383617,12065
383618,12065
394281,12065
383599,12066
383603,12066
383607,12066
383613,12066
383616,12066
383604,12067
383615,12067
383597,12068
383600,12068
383608,12068
383611,12068
383614,12068
383601,12069
383605,12069
383606,12069
383609,12069
383610,12069
383612,12069
383598,12070
383619,12070
394279,12070
396006,12070
383630,12071
383631,12071
383620,12072
383622,12072
383623,12072
383626,12072
383629,12072
383621,12073
383625,12073
383632,12073
383635,12073
389622,12073
389646,12073
389647,12073
389648,12073
383624,12074
383627,12074
383628,12074
383633,12074
383634,12074
389612,12074
389637,12074
389649,12074
383640,12075
383642,12075
383641,12076
383643,12076
383638,12077
383636,12078
383639,12078
383645,12078
383679,12079
391047,12079
383676,12080
383693,12080
383674,12081
383680,12081
383681,12081
383688,12081
383690,12081
383699,12081
392610,12081
383646,12082
383649,12082
383661,12082
383663,12082
383668,12082
383678,12082
383683,12082
383685,12082
383687,12082
383691,12082
383653,12083
383670,12083
383673,12083
383656,12084
383698,12084
386577,12084
383672,12085
383675,12085
384120,12085
383697,12086
384130,12086
383647,12087
383654,12087
383692,12087
395642,12087
395867,12087
396001,12087
396140,12087
383666,12088
383694,12088
385496,12088
385498,12088
383650,12089
383652,12089
383662,12089
383664,12089
383648,12090
383660,12090
383689,12090
383655,12091
383659,12091
383665,12091
383667,12091
383696,12091
383651,12092
383658,12092
383671,12092
383677,12092
383682,12092
383684,12092
383686,12092
383702,12093
383700,12094
383701,12094
383706,12094
383707,12095
383711,12096
383713,12096
383717,12096
383718,12096
383719,12096
383720,12096
386513,12096
383710,12097
383721,12097
383709,12098
383712,12098
383716,12098
386506,12098
386510,12098
383722,12099
383708,12100
383715,12100
383730,12101
383732,12101
383736,12101
383740,12101
383728,12102
383731,12102
383737,12102
383739,12102
383729,12103
383734,12103
383735,12103
383741,12103
383727,12104
383724,12105
383725,12105
383726,12105
383733,12105
383738,12105
383723,12106
383742,12107
383744,12108
383745,12108
383750,12108
383754,12108
383757,12108
383748,12109
383749,12109
383752,12109
383755,12109
383758,12109
383743,12110
383746,12111
383747,12111
383751,12111
383753,12111
383756,12111
383766,12112
383762,12113
383764,12114
383767,12114
383768,12114
383760,12116
383765,12116
383769,12116
383770,12116
383771,12116
383761,12117
383759,12118
383763,12118
387566,12119
387580,12119
387599,12119
387699,12119
383772,12120
383775,12121
383773,12122
387578,12123
387592,12123
383776,12124
383779,12125
383797,12125
383800,12125
383778,12126
383781,12126
383788,12126
383791,12126
383794,12126
383796,12126
383782,12127
383790,12127
383799,12127
383801,12127
383780,12128
383787,12128
383784,12129
383793,12130
383798,12130
383802,12131
383777,12132
383783,12132
383785,12132
383789,12132
383792,12133
383818,12134
383809,12135
383810,12135
383811,12135
383803,12136
383804,12136
383805,12136
383806,12136
383814,12136
383815,12136
383817,12136
383812,12137
383808,12138
383813,12139
383807,12140
383823,12141
383824,12141
383827,12141
390974,12142
390975,12142
383825,12143
383826,12143
383828,12143
383829,12143
383833,12143
383830,12144
383834,12144
383819,12145
383820,12145
383822,12146
383832,12146
386268,12146
383821,12147
383831,12147
383835,12148
383836,12148
383837,12148
383843,12148
383840,12149
383841,12149
383842,12149
383838,12150
383839,12150
395161,12150
383845,12151
383846,12151
383852,12151
383853,12151
383857,12151
383844,12152
390621,12152
383847,12153
383851,12153
383856,12153
390626,12153
383848,12154
383850,12154
390623,12154
390631,12154
383849,12155
383854,12155
383855,12155
383863,12156
391367,12156
391377,12156
391380,12156
391385,12156
383867,12157
383859,12158
383865,12158
383866,12158
383868,12158
383858,12159
383861,12159
383862,12159
383860,12160
383864,12160
383872,12161
383878,12161
383873,12162
383882,12162
383883,12162
383875,12163
383876,12163
383880,12163
383874,12164
383877,12164
383879,12164
383871,12165
383884,12165
383887,12166
383885,12167
383886,12167
383892,12167
383889,12168
383894,12168
383888,12169
383890,12169
383893,12169
385387,12169
385391,12169
385397,12169
383891,12170
383895,12170
383898,12171
383899,12171
383900,12172
383903,12172
388133,12172
385102,12173
385113,12173
385123,12173
385129,12173
385133,12173
385141,12173
385142,12173
383896,12174
383902,12174
383897,12175
383901,12175
388120,12175
388145,12175
388158,12175
383905,12176
383904,12177
383906,12178
383907,12179
383910,12179
383908,12180
383909,12181
383916,12182
383917,12182
383919,12182
383927,12182
394389,12182
383923,12183
383915,12184
383914,12185
383918,12185
383922,12185
383928,12186
383924,12187
383921,12188
383920,12189
383925,12190
383926,12190
387813,12190
383930,12191
383935,12192
383929,12193
383932,12193
383933,12193
383936,12193
383937,12193
383934,12194
383931,12195
383945,12196
383951,12196
383938,12197
383950,12197
383953,12197
383958,12197
383959,12197
383940,12198
383941,12198
383943,12198
383946,12198
383947,12198
383948,12198
383956,12199
383939,12200
383954,12200
383955,12200
383957,12200
383949,12201
383942,12202
383944,12202
383952,12202
383960,12203
383974,12203
383977,12203
383973,12204
383966,12205
383962,12206
383965,12206
383967,12206
383970,12206
383975,12206
383961,12207
383964,12207
383971,12207
383978,12207
383976,12208
383963,12209
383968,12209
383972,12209
383985,12210
383993,12210
383979,12211
383986,12211
383994,12211
383988,12212
383989,12212
383982,12213
383995,12213
383997,12213
383991,12214
383992,12214
383981,12215
383996,12215
383980,12216
383983,12216
383984,12216
383990,12216
383987,12217
383998,12218
383999,12219
384000,12220
384001,12220
384012,12222
384003,12223
384004,12223
384005,12223
384006,12223
384007,12224
384008,12224
384009,12224
384010,12224
384015,12224
384002,12225
384011,12225
384013,12225
384014,12225
384023,12226
384039,12226
384041,12226
384043,12226
384046,12226
384019,12227
384022,12227
384026,12227
384044,12227
384045,12227
384047,12227
384048,12227
384020,12228
384025,12228
384030,12228
384042,12228
391492,12228
384021,12229
384028,12229
384035,12229
384040,12230
384017,12231
384024,12231
384029,12231
384032,12231
384036,12231
384038,12231
384018,12232
384031,12232
384037,12232
384016,12233
384027,12233
384034,12233
384059,12234
384085,12234
384086,12234
384088,12234
384068,12235
384053,12236
384071,12236
384078,12236
384058,12237
384060,12237
384069,12237
384077,12237
384082,12237
384089,12237
384061,12238
384065,12238
384070,12238
384076,12238
384079,12238
384049,12239
384062,12239
384066,12239
384087,12239
384056,12240
384063,12240
384064,12240
384073,12240
384081,12240
384084,12240
384055,12241
384057,12241
384080,12241
386239,12241
386243,12241
386244,12241
384075,12243
384090,12243
384051,12244
384052,12244
384072,12244
384074,12244
384050,12245
384054,12245
384067,12245
384083,12245
384092,12246
396483,12246
396484,12246
396486,12246
396487,12246
384091,12247
384093,12247
384095,12247
384096,12247
384106,12247
384108,12247
396482,12247
384094,12248
384101,12248
384105,12249
384097,12250
384100,12250
396485,12250
384113,12252
384116,12252
384111,12253
384112,12253
385514,12253
385521,12253
384109,12254
384115,12254
390888,12254
384110,12255
384114,12255
394252,12255
384117,12256
384118,12256
384119,12256
384121,12257
384126,12257
384122,12258
384123,12258
384127,12258
384131,12258
384132,12258
384133,12258
384134,12258
384124,12259
384125,12259
384128,12259
384129,12260
384147,12261
384149,12261
388894,12261
384143,12262
384145,12262
384146,12262
384150,12262
384135,12263
384136,12263
384138,12263
384141,12263
384139,12264
384142,12265
384148,12265
384140,12266
384137,12267
384144,12267
384158,12268
384169,12268
384154,12269
384165,12269
384153,12270
384159,12270
384166,12271
384167,12271
384173,12271
384174,12271
384152,12272
384168,12272
384156,12273
384160,12273
384161,12273
388985,12273
384151,12274
384155,12274
384157,12274
384163,12274
384164,12274
384172,12274
384175,12274
384162,12275
384171,12275
384170,12276
384189,12277
384177,12278
384187,12278
384179,12279
384196,12279
384201,12279
384183,12280
384185,12280
384180,12281
384188,12281
384184,12282
384176,12283
384178,12283
384191,12283
384192,12283
384186,12284
384190,12284
384193,12284
384197,12284
384199,12284
396434,12284
384181,12285
384182,12285
384194,12285
384195,12285
384198,12285
384200,12285
384202,12285
384204,12286
384205,12286
384206,12286
384208,12286
384209,12286
384211,12287
384213,12287
384207,12288
384216,12288
384218,12289
384219,12289
384212,12290
384214,12290
384215,12290
384217,12290
385945,12290
385947,12290
385949,12290
384222,12291
384242,12291
384246,12291
384224,12292
384254,12292
384256,12292
384220,12293
384221,12293
384229,12293
384233,12293
384236,12293
384238,12293
384241,12293
384244,12293
384245,12293
384247,12293
384225,12294
384249,12294
384252,12294
384253,12294
384239,12295
384237,12296
384240,12296
384243,12296
384223,12297
384226,12297
384228,12297
384235,12297
384248,12297
384255,12297
384257,12297
384258,12297
384231,12298
384232,12298
384227,12299
384230,12299
384234,12299
384250,12299
384251,12299
384259,12300
384260,12300
384262,12300
384268,12300
384275,12300
384276,12300
384282,12300
384283,12300
394351,12300
384261,12301
384264,12301
384266,12301
384272,12301
384274,12301
384278,12301
384280,12301
384270,12302
384287,12302
384263,12304
384269,12304
384271,12304
384284,12304
384285,12304
384267,12305
384265,12306
384281,12306
384277,12307
384286,12307
384289,12308
384292,12308
384288,12309
384294,12309
384295,12309
384293,12310
384299,12310
384290,12311
384291,12311
384296,12311
384297,12311
384298,12311
384300,12311
387331,12312
387332,12312
387335,12312
387339,12312
384314,12313
384302,12314
384311,12314
384313,12314
384316,12314
384305,12315
384306,12315
384315,12315
384301,12316
384310,12316
384317,12316
384303,12317
384307,12317
384308,12317
384312,12317
384304,12318
393184,12318
384318,12319
384319,12320
384321,12320
384322,12320
384320,12321
384325,12322
384329,12322
384330,12322
384332,12322
384324,12323
384326,12324
384327,12324
384328,12324
384331,12324
384353,12325
384338,12326
384341,12326
384345,12326
384349,12326
384352,12326
384361,12326
384335,12327
384346,12327
384357,12327
384359,12327
390467,12327
390521,12327
392747,12327
384344,12328
384348,12328
384355,12328
384358,12328
384342,12329
384343,12329
384340,12330
384351,12330
384356,12330
384336,12331
384350,12331
384360,12331
384333,12332
384334,12332
384337,12332
384339,12332
384354,12332
384362,12333
384368,12334
384370,12334
387457,12334
384366,12335
387450,12335
387455,12335
387461,12335
384777,12336
386296,12336
384367,12337
387448,12337
387460,12337
387474,12337
384365,12338
384369,12338
384371,12338
387454,12338
384363,12339
384380,12340
384381,12340
384392,12340
384372,12341
384374,12341
384376,12341
384378,12341
384379,12341
384389,12341
384387,12342
384390,12342
384373,12343
384382,12343
384383,12343
384384,12343
384393,12343
384375,12344
384377,12344
384385,12344
384386,12344
384388,12344
384391,12344
384394,12344
384407,12345
384400,12346
384402,12346
384404,12346
384406,12346
384408,12346
384409,12346
384396,12347
384397,12347
384398,12347
384401,12347
384405,12347
384395,12349
384399,12349
384403,12350
385232,12350
384410,12351
384411,12351
384413,12351
384415,12351
384416,12351
384418,12351
384420,12351
384421,12351
384424,12351
384414,12352
384417,12352
384419,12352
384430,12353
384434,12353
384435,12353
384437,12353
384442,12353
384428,12354
384438,12354
384444,12354
384447,12354
384452,12354
384432,12355
384436,12355
384440,12355
384445,12355
384448,12355
384449,12355
384455,12355
384431,12356
384443,12356
384425,12357
384426,12357
384439,12357
384456,12357
384457,12357
384429,12360
384433,12360
384441,12360
384446,12360
384450,12360
384451,12360
384453,12360
384454,12360
384458,12361
384461,12361
384463,12361
384472,12361
384474,12361
384460,12362
384471,12362
384459,12363
384462,12363
384466,12363
384468,12363
384469,12363
384470,12363
384473,12364
384467,12365
384464,12366
384465,12366
384478,12367
384481,12367
384483,12367
384486,12367
384487,12367
384479,12368
384482,12368
384485,12368
384489,12368
384480,12370
384484,12370
384488,12370
384490,12371
384494,12371
384498,12371
384499,12371
384500,12371
384491,12372
384493,12372
384496,12372
384501,12373
384503,12373
384504,12373
384502,12374
384505,12374
384506,12375
384511,12375
384512,12375
384513,12375
384508,12376
384518,12376
385783,12376
384507,12377
384510,12377
384516,12377
384517,12377
384519,12378
384520,12378
391944,12379
391965,12379
391990,12379
392009,12379
392051,12379
392091,12379
392138,12379
384552,12380
384521,12381
384793,12382
384795,12382
384796,12382
384797,12382
384535,12383
384540,12383
384551,12383
384561,12383
384565,12383
384568,12383
384545,12384
384576,12384
384563,12385
384524,12386
384529,12386
384531,12386
384582,12386
384569,12387
384539,12388
384585,12388
384589,12388
384596,12388
384522,12389
384577,12389
384527,12390
384547,12390
384538,12391
384550,12391
384591,12391
384595,12391
384555,12392
384574,12392
384580,12392
384588,12392
384590,12392
384592,12392
384541,12393
384549,12393
384594,12393
384542,12394
384573,12395
384526,12396
384530,12397
384546,12397
387378,12397
384560,12398
384543,12399
384523,12400
384532,12400
384557,12400
384575,12400
384534,12401
384578,12401
384584,12401
384525,12402
384544,12402
384554,12402
384586,12402
384587,12402
384548,12403
384553,12403
384558,12403
384570,12403
384593,12403
384562,12404
384572,12404
384556,12405
384559,12405
384571,12405
384579,12405
384581,12405
384537,12406
384528,12407
384533,12407
384564,12407
384566,12407
384536,12408
384567,12408
384621,12409
384629,12409
384606,12410
384625,12410
384607,12411
384626,12411
384635,12411
384601,12412
384630,12412
384620,12413
384622,12413
384632,12413
384617,12414
384627,12414
384639,12414
384640,12414
384610,12415
384611,12415
384613,12415
384619,12415
384631,12416
384638,12416
384641,12416
384642,12416
384599,12417
384612,12417
384615,12417
384637,12417
384603,12418
384614,12418
384623,12418
384628,12418
384634,12419
384598,12420
384602,12420
384616,12420
384636,12420
384600,12421
384604,12421
384605,12421
384609,12421
384624,12421
384633,12421
384608,12422
384618,12423
384646,12424
384650,12424
384653,12424
384655,12425
384658,12425
384643,12426
384645,12426
384647,12426
384651,12426
384654,12426
384656,12426
384657,12426
384659,12426
384644,12427
384648,12427
384649,12427
384652,12427
384662,12428
384675,12428
384677,12428
384679,12428
384660,12429
384668,12429
384670,12429
384678,12430
384682,12430
384776,12430
384667,12431
384671,12431
384672,12431
384680,12431
384664,12432
384669,12432
384674,12432
384676,12432
384683,12432
384661,12433
384665,12433
384666,12433
394641,12433
394754,12433
395028,12433
395232,12433
395252,12433
384681,12434
393036,12434
384663,12435
384673,12435
392991,12435
393097,12435
393104,12435
393108,12435
384689,12436
384691,12436
384693,12436
384696,12436
384698,12436
384685,12437
384687,12437
384688,12437
384690,12437
384692,12437
384697,12437
384684,12438
384686,12438
384694,12438
384695,12438
384699,12438
384701,12439
384702,12439
384703,12439
384704,12439
384706,12440
384708,12440
384709,12440
384713,12442
384715,12442
384723,12442
384732,12442
387671,12442
387680,12442
387694,12442
384730,12443
384717,12444
384719,12444
384721,12444
384729,12444
384711,12445
384720,12445
384710,12446
384714,12446
384718,12446
384722,12446
384724,12446
384725,12446
384728,12446
384716,12447
384726,12447
384727,12447
384712,12448
384731,12448
384736,12449
384740,12449
384747,12449
384734,12450
384737,12450
384742,12450
384746,12450
384752,12450
392080,12450
392112,12450
384738,12451
384741,12451
384743,12451
384744,12451
384745,12451
384749,12451
384733,12452
384739,12452
384748,12452
384751,12452
384735,12453
384750,12453
392221,12453
384753,12454
384755,12454
384756,12454
384758,12454
384754,12455
384757,12455
384759,12455
384760,12455
384761,12455
384762,12456
384767,12457
384770,12457
387928,12458
387936,12458
387949,12458
384763,12459
384768,12459
384772,12459
387929,12459
384764,12460
384769,12460
384771,12460
384765,12461
384766,12461
384784,12462
384786,12462
384792,12462
384782,12463
384790,12463
384791,12463
384779,12464
384787,12464
384778,12465
384785,12466
384788,12466
384789,12466
395608,12466
395746,12466
396289,12466
384780,12467
384781,12467
384783,12467
384794,12468
386660,12469
387702,12470
387722,12470
386647,12471
386655,12471
384804,12472
384803,12473
384798,12474
384799,12474
384800,12474
384801,12474
384802,12474
384806,12474
384807,12474
386710,12474
386793,12474
384805,12475
384810,12476
384811,12476
384809,12477
384813,12477
384815,12477
384808,12478
384812,12478
384814,12478
384816,12478
384819,12479
384821,12479
384817,12480
384820,12481
384822,12481
384823,12482
384818,12483
384825,12484
384828,12484
384831,12484
384829,12485
384830,12485
384826,12486
384827,12486
384824,12487
384832,12488
384833,12488
384834,12488
384835,12488
384836,12488
386438,12488
395371,12488
384837,12489
384838,12490
384840,12491
384841,12491
384843,12491
384844,12491
396604,12491
396605,12491
384851,12492
384849,12493
384850,12493
384845,12494
384847,12494
384848,12494
384852,12494
384846,12495
384855,12496
384870,12496
384871,12496
384872,12496
384873,12496
384853,12497
388416,12497
388424,12497
384863,12498
384864,12498
384866,12498
384860,12499
384865,12499
384867,12499
384868,12499
384858,12500
384862,12500
384874,12500
384875,12500
384856,12501
384861,12501
395595,12501
384854,12502
384857,12502
384859,12502
384869,12502
395731,12502
384878,12503
384894,12503
384893,12504
384879,12505
384881,12505
384884,12505
384886,12505
384880,12506
384891,12506
384896,12506
384876,12507
384887,12507
384892,12507
384882,12508
384885,12508
384889,12509
384877,12510
384888,12510
384890,12510
384895,12510
384927,12511
384903,12512
384919,12512
384921,12512
384929,12512
384897,12513
384907,12513
384924,12513
384925,12513
384928,12513
384910,12514
384911,12515
384912,12516
384914,12516
384900,12517
384930,12517
384906,12518
384918,12518
384898,12519
384905,12519
384909,12520
384916,12520
384926,12520
384899,12521
384901,12521
384902,12521
384904,12521
384908,12521
384913,12521
384915,12521
384917,12521
384920,12521
384922,12521
384923,12521
384931,12522
384932,12522
384933,12523
384934,12523
384936,12523
384938,12523
384940,12523
384941,12524
384935,12525
384937,12526
384939,12526
384942,12526
384944,12527
384945,12527
384947,12527
386971,12527
387111,12527
384943,12528
384946,12528
384951,12529
384970,12529
384954,12530
384960,12530
384961,12530
384977,12530
384968,12531
384948,12532
384950,12533
384952,12533
384953,12533
384956,12533
384965,12533
384967,12533
384983,12533
384949,12534
384971,12534
384972,12534
384973,12534
384974,12534
384976,12534
384978,12534
384982,12534
384957,12535
384958,12535
384963,12535
384966,12535
384981,12535
384955,12536
384959,12536
384962,12536
384969,12536
384975,12536
384979,12536
384984,12536
384985,12536
384964,12537
384980,12537
393735,12537
384987,12538
384988,12539
384993,12539
384986,12540
384989,12540
384990,12540
384992,12540
384994,12540
384995,12540
384996,12540
384991,12541
386524,12542
385006,12543
385008,12543
384999,12544
385002,12544
385004,12544
385007,12544
385009,12544
385010,12544
384997,12545
385001,12545
385005,12545
385013,12545
385016,12545
385003,12546
385011,12546
385012,12546
385014,12546
385015,12546
385000,12547
384998,12548
385018,12549
385019,12549
385020,12549
385022,12549
385025,12549
385024,12550
385017,12551
386902,12551
387163,12551
393699,12551
393704,12551
393717,12551
385021,12552
385023,12552
393708,12552
385040,12553
385044,12553
385026,12554
385031,12554
394617,12554
385034,12555
385036,12555
385038,12555
385041,12555
385035,12556
385037,12556
385039,12556
385043,12556
395931,12556
385028,12557
385033,12557
385042,12557
385027,12558
385029,12558
385030,12558
385032,12558
385045,12558
390624,12558
390634,12558
390637,12558
385053,12559
385059,12560
385094,12560
385046,12561
385068,12561
385071,12561
385072,12561
385088,12561
385063,12562
385049,12563
385076,12563
385083,12563
385089,12563
385075,12564
385091,12564
385097,12564
385050,12565
385054,12565
385055,12565
385056,12565
385077,12565
385081,12565
385062,12566
385096,12566
385095,12567
389979,12567
390003,12567
390011,12567
390019,12567
393962,12568
393976,12568
393978,12568
385048,12569
385064,12570
385065,12570
385069,12570
385070,12570
385052,12571
385087,12571
391440,12571
385047,12572
385057,12572
385067,12572
385080,12572
385079,12573
385051,12574
385058,12574
385060,12574
385066,12575
385078,12575
385093,12575
385074,12576
385092,12577
385061,12578
385084,12578
385086,12578
395797,12578
396056,12578
396286,12578
385231,12579
385082,12580
385085,12580
385090,12580
385107,12581
385114,12581
385143,12581
393849,12582
393879,12582
393891,12582
385104,12583
385117,12583
385099,12585
385103,12585
385105,12585
385106,12585
385109,12585
385111,12585
385115,12585
385131,12585
385134,12585
385139,12585
389882,12585
385120,12586
385122,12586
385132,12586
385145,12586
385110,12587
385112,12587
385119,12587
385138,12587
385135,12588
385137,12588
385140,12588
385130,12589
391467,12589
385100,12590
385101,12590
385116,12590
385118,12590
385124,12590
385125,12590
385127,12590
385098,12591
385108,12591
385136,12591
385144,12591
385121,12592
385126,12592
385128,12592
389850,12592
385146,12593
390981,12594
390983,12594
390985,12594
390988,12594
390990,12594
385148,12595
385164,12595
385167,12595
385173,12595
385150,12596
385147,12597
385149,12597
385154,12597
385155,12597
385162,12597
385168,12597
385158,12598
385171,12598
392780,12599
392788,12599
392790,12599
392796,12599
392800,12599
392802,12599
385153,12600
385151,12601
385159,12601
385160,12601
390987,12602
390991,12602
385166,12603
385156,12604
385163,12604
385170,12605
385152,12606
385157,12606
385161,12606
385165,12606
385169,12606
385172,12606
385174,12607
385175,12607
385176,12607
385177,12607
385181,12608
385182,12608
385184,12608
385178,12609
385179,12609
385180,12609
385183,12610
385185,12611
385187,12611
385188,12611
385189,12611
385190,12611
385186,12612
385195,12613
385199,12613
385196,12614
385197,12614
385198,12614
385191,12615
385192,12615
385193,12615
385194,12615
385208,12616
385225,12616
385204,12617
385215,12617
385221,12617
385224,12617
385230,12617
385355,12617
385209,12618
385202,12619
385206,12619
385218,12619
385201,12620
385228,12620
385229,12620
385354,12620
385203,12621
385211,12622
385213,12622
385214,12622
385217,12622
385223,12622
385226,12622
385212,12623
385200,12624
385216,12624
385222,12624
385207,12625
385210,12626
385219,12626
385220,12626
385235,12629
385242,12629
385252,12629
385234,12630
385243,12630
385245,12630
385249,12630
385250,12630
385237,12631
385238,12631
385247,12631
389248,12631
389294,12631
385233,12632
385239,12632
385246,12632
385251,12632
385241,12633
385248,12633
385236,12634
385240,12634
385244,12634
385256,12635
385257,12635
385259,12635
385261,12635
385262,12635
385263,12635
385264,12635
385266,12635
385254,12636
385265,12636
385253,12637
385255,12637
385258,12637
385260,12637
385268,12638
385271,12638
387413,12638
387425,12638
385269,12639
385272,12639
385274,12639
385361,12639
385267,12640
385270,12640
385273,12640
385280,12641
385283,12641
385288,12641
393306,12641
385277,12642
385279,12642
385285,12642
385286,12642
385275,12643
385278,12643
385281,12643
385284,12643
385276,12644
385282,12644
389496,12644
389504,12644
385300,12645
389711,12645
385294,12646
385299,12646
385305,12646
385291,12648
385304,12648
385289,12649
385290,12649
385292,12649
385296,12649
385301,12649
385293,12651
385297,12651
385298,12651
385306,12651
385308,12653
385310,12653
385311,12653
385319,12653
385309,12655
385312,12655
385314,12655
385315,12655
385316,12655
385313,12656
385321,12658
385322,12658
385324,12659
385327,12659
385331,12659
385328,12660
385330,12660
385332,12660
385325,12661
385326,12661
385329,12661
385323,12662
395096,12662
385336,12663
385334,12664
385333,12665
385335,12665
385342,12666
385344,12666
385340,12667
385337,12668
385339,12668
385341,12668
385343,12668
385345,12668
385348,12669
385352,12669
385353,12669
390657,12669
390661,12669
385346,12670
385347,12670
385349,12670
385350,12670
385351,12670
385362,12671
385363,12671
385366,12671
385370,12671
385379,12671
385371,12672
385377,12672
385356,12673
385357,12673
385364,12673
385368,12673
385369,12673
385374,12673
385375,12673
385378,12673
385382,12673
385383,12673
389751,12673
389767,12673
385358,12674
385373,12674
385376,12674
385385,12674
385359,12675
385360,12675
385365,12675
385367,12675
385372,12675
385381,12675
385384,12675
385380,12676
385396,12677
385394,12678
386697,12679
386699,12679
386701,12679
385386,12680
385388,12680
385389,12680
385390,12680
385392,12680
385393,12680
385395,12680
385406,12681
385398,12682
385400,12682
385403,12682
385407,12682
385408,12682
387449,12682
385401,12683
385402,12683
385404,12683
385405,12683
385399,12684
385409,12685
385418,12685
385430,12685
385437,12685
385438,12685
385414,12686
385416,12686
385431,12686
385433,12686
385434,12686
385420,12687
385421,12687
385425,12687
385428,12687
385435,12687
385415,12688
385424,12688
385427,12688
385419,12689
385423,12689
385436,12689
385439,12689
385410,12690
385411,12690
385417,12690
385426,12690
385432,12690
385440,12690
385412,12691
385413,12691
385429,12691
385442,12692
385441,12693
385444,12693
385446,12693
385447,12693
385448,12693
386063,12693
385443,12694
385445,12694
385449,12694
386056,12694
386059,12694
386062,12694
386066,12694
385457,12695
385450,12696
385451,12696
385453,12696
385454,12696
385456,12696
385452,12697
385455,12697
385458,12697
385459,12697
385460,12697
389392,12697
385461,12698
385462,12698
385463,12698
385464,12698
385465,12699
385467,12700
385469,12700
385470,12700
385471,12700
385472,12700
385476,12700
385466,12701
385468,12701
385473,12701
385474,12701
385475,12701
385479,12702
394902,12702
394917,12702
395125,12702
385477,12703
385481,12703
385482,12703
385483,12703
385486,12703
385478,12704
385480,12704
385485,12704
385484,12705
385487,12709
385488,12709
385490,12710
385489,12711
385491,12712
385493,12712
385492,12713
385494,12714
385495,12714
385497,12714
385499,12714
392568,12714
385510,12715
385500,12716
385503,12716
385505,12716
385509,12716
385511,12716
395313,12716
395403,12716
385501,12717
385502,12717
385504,12717
385507,12717
385508,12717
385512,12717
394836,12717
395045,12717
395100,12717
385506,12718
385513,12718
385515,12719
385516,12719
385517,12719
385518,12719
385519,12719
385520,12719
385525,12720
385530,12720
385531,12720
385524,12721
385533,12721
385522,12722
385527,12722
385528,12722
385529,12722
385532,12722
385534,12723
385523,12724
385526,12724
385547,12725
388854,12725
388859,12725
388860,12725
388880,12725
388882,12725
388884,12725
385536,12726
385544,12726
385545,12726
385535,12727
385537,12727
385551,12727
385541,12728
385542,12728
385548,12728
385549,12728
385539,12729
385540,12729
385543,12729
385546,12730
385552,12730
385538,12731
385550,12731
385554,12732
385567,12732
385573,12732
385555,12733
385559,12734
385560,12734
385568,12734
385576,12734
385558,12735
385561,12735
385553,12736
385556,12736
385570,12736
385572,12736
385577,12736
385557,12737
385571,12737
385574,12737
385564,12738
385569,12738
396611,12738
396623,12738
385562,12739
385563,12739
385565,12739
385566,12739
385575,12739
385579,12740
385580,12741
396722,12741
385584,12742
385586,12742
385583,12743
385585,12743
394623,12743
395204,12743
395255,12743
395487,12743
385578,12744
385582,12744
385581,12745
385587,12745
385595,12746
385596,12746
385600,12746
393407,12746
385588,12747
385589,12747
385590,12747
385597,12747
385598,12747
385591,12748
385593,12748
385592,12749
385594,12750
385599,12750
396707,12750
385604,12751
385612,12751
386754,12752
386756,12752
385610,12753
386752,12753
385603,12754
385605,12754
385609,12754
385611,12754
385613,12754
385629,12755
385633,12755
385641,12755
385654,12755
385657,12755
394528,12755
385621,12756
385635,12756
385651,12756
385656,12756
385616,12757
385647,12757
385628,12758
385630,12758
385658,12758
385631,12759
385642,12760
385625,12761
385638,12762
385646,12762
385653,12762
385618,12763
385619,12763
385622,12763
385637,12763
385648,12763
385649,12763
385655,12763
385620,12764
385624,12764
385626,12765
385627,12765
385650,12765
385652,12765
395581,12765
395758,12765
396263,12765
396732,12765
385640,12766
385660,12767
387485,12767
387507,12767
387521,12767
385662,12768
385661,12769
385664,12769
387488,12769
387497,12769
387526,12769
385663,12770
385665,12770
385666,12771
385667,12771
385669,12771
385671,12771
385673,12771
385678,12771
385668,12772
385670,12772
385672,12772
385674,12772
385675,12772
385676,12772
385677,12772
385679,12772
385680,12772
385681,12772
385687,12773
385695,12773
387018,12773
385686,12774
385689,12774
386904,12774
385688,12775
385692,12775
385697,12775
385699,12775
385682,12777
385690,12777
385693,12777
385703,12777
395877,12777
385683,12778
385685,12778
385694,12778
385698,12778
385700,12778
385702,12778
385696,12779
385701,12779
385704,12779
385707,12780
385711,12780
385706,12781
385705,12782
385713,12782
385708,12783
385709,12783
385710,12783
385712,12783
385714,12784
385716,12784
385722,12784
385723,12784
385724,12784
385715,12785
385717,12785
385718,12785
385721,12785
385720,12786
385719,12787
385725,12788
385733,12789
385739,12789
385748,12789
385728,12790
385735,12790
385740,12790
385744,12790
385726,12791
385732,12791
385741,12791
385743,12791
385746,12791
385747,12791
385736,12792
385727,12793
385729,12793
385730,12793
385731,12793
385734,12793
385737,12793
385738,12793
385742,12793
385745,12793
385749,12794
385755,12794
385756,12794
385761,12794
385765,12794
385751,12795
385752,12795
385753,12795
385763,12795
385764,12795
387768,12795
385750,12796
385754,12796
385757,12796
385758,12796
387772,12796
387774,12796
387775,12796
387789,12796
385759,12797
385760,12797
385762,12797
385766,12797
385767,12798
385770,12798
385772,12798
385768,12799
385771,12799
385775,12799
385769,12800
385773,12800
385774,12800
385776,12800
386534,12801
386536,12801
385777,12802
385787,12803
385778,12804
385781,12804
385785,12804
385779,12805
385780,12805
385782,12805
385784,12805
385786,12805
385790,12808
385788,12809
385789,12809
385791,12809
385792,12809
386548,12809
385794,12810
385795,12810
385796,12811
385801,12811
385804,12811
385805,12811
385797,12812
385799,12812
385803,12812
385798,12813
385800,12813
385802,12813
385806,12814
385808,12814
385810,12814
385811,12814
385812,12814
385813,12814
385807,12815
385809,12815
385816,12816
385823,12816
385824,12816
385825,12816
385828,12816
385829,12816
385833,12816
385814,12817
385822,12817
385817,12818
385818,12818
385831,12818
385834,12818
388770,12818
385820,12819
385821,12819
385826,12819
385832,12819
385815,12820
385819,12820
385827,12820
385830,12820
388768,12820
388776,12820
388780,12820
388785,12820
385839,12821
385845,12821
385837,12822
385838,12822
385843,12822
385847,12822
385835,12823
385836,12823
385844,12823
385846,12823
386832,12823
386842,12823
385840,12824
385841,12824
385842,12824
385848,12825
385850,12825
385851,12825
385852,12826
385853,12826
385854,12826
385849,12827
385855,12828
385856,12828
385858,12828
385857,12829
385859,12829
385863,12830
385864,12830
385865,12830
385860,12831
385862,12831
385861,12832
385871,12833
385866,12834
385870,12834
385872,12834
385873,12834
385874,12834
385867,12835
385868,12835
395845,12835
396276,12835
385869,12836
385875,12837
385880,12837
385882,12837
385879,12838
390801,12838
385876,12839
385877,12839
385878,12839
385881,12839
385897,12840
385900,12840
385883,12841
385889,12841
385891,12841
385892,12841
385893,12841
385887,12842
385898,12842
385904,12842
385902,12843
385905,12843
385886,12844
385903,12844
385884,12845
385890,12846
385895,12846
385906,12846
385909,12847
385910,12847
385908,12848
385911,12848
385912,12848
385913,12849
385915,12849
385916,12850
385917,12850
385918,12850
385919,12850
391461,12851
392025,12851
385914,12852
385920,12853
385921,12853
385933,12853
385934,12854
385922,12855
385924,12855
385925,12855
385926,12855
385927,12855
385929,12855
385931,12855
385935,12855
385923,12856
385928,12856
385930,12856
385932,12856
385942,12857
385940,12858
385936,12859
385938,12859
385939,12859
385946,12859
385950,12859
385941,12860
385943,12860
385944,12860
385948,12860
385952,12861
385954,12861
385955,12861
389304,12861
389307,12861
389347,12861
385951,12862
385953,12863
385956,12863
385957,12863
385958,12863
388107,12863
385959,12864
385965,12864
385966,12864
385960,12865
385961,12865
385962,12865
385963,12865
385964,12865
385967,12865
385968,12866
385971,12866
385975,12866
385974,12867
385979,12867
385980,12867
385982,12867
385983,12867
385984,12867
389377,12867
385976,12868
385977,12868
385978,12868
385981,12868
395354,12868
385969,12869
385970,12869
385972,12869
385973,12869
385985,12870
385986,12870
385988,12870
385990,12870
385991,12870
385992,12870
385987,12871
385989,12871
385993,12872
385994,12872
385995,12872
385996,12872
385997,12872
386016,12873
386020,12873
385999,12874
386000,12874
386004,12874
386005,12874
386018,12874
386006,12875
386007,12875
386001,12876
386009,12876
386011,12876
386015,12876
386019,12876
385998,12877
386002,12877
386010,12877
386013,12877
396338,12877
396371,12877
386003,12878
386008,12878
386012,12878
386014,12878
386017,12878
396319,12878
396333,12878
386021,12879
386024,12879
386022,12880
386025,12880
386026,12880
386027,12880
386023,12881
386028,12881
386030,12882
386031,12882
386029,12883
386032,12883
386033,12883
386034,12883
389570,12883
395798,12883
396123,12883
386049,12884
386052,12884
386048,12885
386050,12885
386037,12886
386040,12886
386041,12886
386042,12886
386043,12886
386054,12886
386036,12887
386046,12887
386047,12887
386051,12887
386053,12887
386055,12887
386035,12888
386038,12888
386039,12888
386045,12888
386057,12889
386060,12889
386065,12889
386067,12889
386061,12890
386064,12890
386058,12891
386068,12891
386072,12892
386070,12893
386101,12893
386071,12894
386075,12894
386069,12895
386073,12895
386074,12895
386076,12896
386077,12896
386080,12896
386082,12896
396122,12896
386078,12897
386081,12897
386079,12898
396264,12898
386084,12899
386086,12899
386087,12899
386091,12899
386083,12900
386090,12900
386092,12900
386085,12901
386088,12901
386089,12901
386093,12901
386098,12902
386100,12902
386094,12903
386095,12903
386096,12903
386097,12903
386099,12903
386990,12903
387005,12903
387108,12903
386103,12906
386107,12906
386114,12906
386104,12907
386106,12907
386110,12907
386102,12908
386105,12908
386112,12908
386108,12909
386109,12909
386111,12909
386113,12909
386115,12909
386117,12910
386119,12910
386123,12910
386125,12910
386127,12910
386120,12911
393805,12911
395248,12911
395370,12911
386124,12912
386126,12912
386116,12913
386118,12913
386121,12913
386122,12913
386128,12913
386130,12914
386132,12914
386139,12915
386144,12915
386147,12915
386148,12915
386140,12916
386143,12916
386146,12916
386136,12917
386137,12917
386145,12917
386134,12918
386135,12918
386138,12918
386141,12918
386142,12918
386162,12919
386149,12920
386159,12920
386152,12921
386151,12922
386160,12922
386161,12922
386150,12923
386155,12923
388288,12923
388315,12923
388316,12923
388318,12923
391238,12923
386154,12924
386157,12924
386163,12924
388287,12924
388297,12924
388317,12924
386153,12925
386156,12925
386158,12925
391198,12925
386164,12926
386165,12926
386168,12926
386171,12926
386166,12927
386169,12927
386170,12927
386167,12928
389592,12928
386176,12929
386179,12929
386172,12930
386173,12930
386174,12930
386175,12930
386177,12930
386178,12930
386180,12930
386182,12931
386192,12931
386193,12931
386188,12932
386190,12932
386194,12932
386195,12932
386181,12933
386184,12933
386187,12933
386189,12933
386185,12934
386191,12934
386183,12936
386186,12936
386196,12936
386201,12937
386206,12937
386211,12937
386207,12938
386197,12939
386198,12939
386202,12939
386205,12939
386208,12939
386203,12940
386210,12940
386212,12940
386213,12940
386199,12941
386200,12941
386204,12941
386209,12941
386214,12941
386218,12942
386221,12942
386222,12942
386220,12943
386219,12944
386223,12944
386225,12945
386226,12945
386227,12945
386228,12945
386229,12945
386232,12945
386234,12945
386235,12945
391371,12945
386224,12946
386233,12946
386230,12947
386231,12947
386242,12948
386237,12949
386240,12949
386245,12949
386236,12950
386238,12950
386241,12950
386246,12951
386249,12951
386250,12951
386253,12951
389905,12951
386248,12952
386251,12952
386252,12953
386247,12954
390026,12955
386267,12956
386260,12957
386263,12957
386264,12957
386254,12958
386257,12958
386258,12958
386266,12958
386255,12959
386256,12959
386261,12959
386262,12959
386265,12959
386259,12960
386269,12961
386271,12961
386272,12961
386274,12961
386270,12962
386273,12962
386275,12962
386276,12962
388189,12963
388212,12963
388213,12963
388227,12963
388234,12963
388238,12963
386277,12964
386278,12964
386279,12964
386280,12964
386281,12964
386282,12964
386283,12965
386284,12965
386285,12965
386286,12965
386287,12965
386288,12965
386289,12965
386291,12966
386308,12966
386309,12966
386292,12967
386293,12967
386297,12968
387447,12968
387469,12968
386299,12969
387453,12969
386306,12970
386290,12971
386294,12971
386300,12971
386302,12971
386304,12971
386305,12971
386307,12971
386301,12972
386310,12972
386295,12973
386298,12973
386303,12973
387462,12973
387477,12973
389961,12974
390012,12974
386312,12975
386313,12975
386315,12975
386319,12975
386311,12976
386314,12976
386317,12976
386316,12977
386318,12977
386320,12977
386321,12978
386328,12978
386330,12978
386334,12978
386339,12978
386332,12979
386324,12980
386335,12980
386325,12981
386322,12982
386323,12982
386326,12982
386336,12982
386340,12982
386341,12982
386344,12982
386337,12983
386342,12983
386327,12984
386333,12984
386329,12985
386331,12985
386338,12985
386343,12985
386349,12986
386352,12986
386346,12987
386356,12987
386345,12988
386347,12988
386348,12988
386350,12988
386351,12988
386353,12988
386354,12988
386355,12988
386366,12989
386393,12989
386408,12989
386412,12989
386363,12990
386370,12990
386377,12990
386386,12990
386404,12990
386405,12990
386413,12990
386392,12991
386414,12991
386419,12991
386422,12991
386368,12992
386401,12992
386361,12993
386375,12993
386390,12993
386395,12993
386417,12993
396470,12993
396474,12993
396480,12993
386374,12994
386394,12994
386418,12994
386421,12994
386423,12994
386673,12994
386373,12995
386396,12995
386369,12996
386383,12996
386389,12996
386407,12996
386411,12996
386357,12997
386359,12998
386380,12998
386358,12999
386364,13000
386398,13000
386409,13000
386410,13000
394826,13000
386372,13001
386362,13002
386684,13002
386360,13003
386367,13003
386406,13003
386384,13004
386416,13004
386365,13005
386376,13005
386382,13005
386385,13005
396706,13005
386371,13006
391763,13007
391765,13007
391767,13007
391769,13007
391772,13007
391776,13007
386378,13008
386387,13008
386391,13008
386399,13008
386403,13008
386388,13009
386397,13009
386400,13009
386381,13010
386420,13010
386424,13011
386425,13011
386426,13011
386428,13011
386431,13011
386427,13012
386429,13012
386430,13012
386432,13013
386433,13013
386435,13014
386443,13014
386460,13014
386466,13014
386476,13014
386450,13015
386464,13015
386467,13015
386477,13015
386454,13016
386442,13017
386445,13017
386449,13017
386459,13017
386473,13017
386451,13018
386452,13018
386465,13018
386469,13018
386470,13018
386439,13019
386441,13019
386446,13019
386447,13019
386448,13019
386453,13019
386475,13019
386462,13020
386456,13021
386436,13022
386444,13024
386458,13024
386468,13024
386437,13025
386434,13026
386471,13026
386472,13026
386474,13026
386478,13026
386440,13027
386455,13027
386457,13027
386461,13027
386463,13027
386482,13028
386485,13028
386486,13028
386487,13028
386481,13029
386484,13029
386479,13030
386480,13030
386483,13031
386489,13032
386491,13032
386492,13032
386496,13032
386497,13032
386488,13033
386494,13033
386495,13033
386498,13033
386490,13034
386493,13034
386500,13036
391228,13036
386501,13037
386499,13038
386502,13038
386503,13038
386504,13038
389279,13038
386511,13039
386512,13039
386505,13040
386508,13040
386507,13041
386514,13041
392981,13042
393086,13042
386515,13043
386516,13043
386528,13043
386531,13043
386532,13043
386517,13044
386518,13044
386519,13044
386521,13044
386523,13044
386535,13044
386526,13045
386530,13045
386522,13046
386533,13046
386537,13046
386520,13047
386539,13047
392995,13048
393089,13048
386525,13049
386527,13049
386529,13049
386538,13049
386540,13050
386547,13050
386541,13051
386542,13051
386544,13052
386551,13052
386550,13053
386543,13054
386545,13054
386546,13054
386549,13054
388913,13054
386552,13055
386554,13055
386555,13055
386558,13055
386560,13055
386556,13056
386559,13056
386999,13056
387083,13056
386553,13057
386561,13057
386562,13057
386557,13058
394668,13058
394966,13058
386565,13059
386570,13059
386566,13060
386573,13060
386585,13060
386563,13061
386575,13061
386584,13061
386589,13061
386568,13062
386582,13062
386588,13062
391724,13062
391725,13062
386569,13063
386571,13063
386572,13063
386576,13063
386579,13063
386583,13063
386564,13064
386567,13064
386574,13064
386580,13064
386586,13064
386581,13065
386587,13065
391007,13065
386592,13066
386591,13067
386593,13067
386596,13067
386597,13067
395269,13067
386594,13068
386598,13069
386601,13069
386590,13070
386595,13070
386599,13070
386600,13070
386602,13070
386603,13071
386604,13071
386605,13071
386606,13071
386607,13071
386608,13071
386609,13071
386630,13072
386643,13072
386610,13073
386618,13073
386626,13073
386627,13073
386638,13073
386648,13073
386651,13073
386652,13073
393267,13073
396427,13073
390752,13074
390753,13074
390754,13074
386620,13075
386634,13075
386662,13075
393214,13075
386611,13076
386636,13076
386622,13077
386632,13078
386657,13078
386649,13079
386629,13080
386633,13080
386614,13081
386623,13081
386628,13081
386656,13081
386612,13082
386631,13082
386644,13082
386658,13082
390523,13082
390548,13082
396421,13082
387700,13083
387703,13083
387709,13083
387710,13083
387718,13083
387721,13083
386619,13084
386637,13084
386640,13084
386659,13084
386642,13085
386650,13085
386661,13085
386645,13086
386613,13087
386615,13087
386621,13087
386639,13087
386641,13087
386646,13087
386654,13087
387705,13088
387708,13088
387712,13088
387713,13088
386653,13089
386617,13090
386672,13091
386663,13092
386664,13092
386665,13092
386669,13092
386670,13092
386674,13093
386675,13093
386676,13093
386678,13095
386679,13095
386680,13095
386681,13095
386682,13095
386677,13096
386686,13098
386691,13098
386692,13098
386696,13098
386702,13099
386704,13099
386685,13100
386687,13100
386689,13100
386693,13100
386694,13100
386688,13101
386690,13101
386695,13101
386700,13102
387747,13102
387763,13102
386698,13103
386708,13104
386709,13104
386705,13105
386706,13105
386707,13105
386791,13105
386792,13105
386794,13105
386716,13106
386720,13106
386721,13106
386722,13106
390701,13106
390702,13106
386711,13107
386714,13107
386717,13107
386718,13107
390707,13107
386713,13108
386719,13108
386712,13109
386715,13109
386723,13110
386726,13110
386730,13110
386731,13110
386732,13110
386724,13111
386725,13111
386728,13111
386729,13111
386733,13111
386727,13112
386734,13113
386735,13113
386736,13113
386760,13115
386749,13116
386758,13116
386746,13117
386751,13117
386753,13117
386761,13118
386762,13118
386774,13118
386772,13119
386773,13119
386768,13120
386769,13120
386763,13121
386766,13121
386770,13121
386775,13121
386764,13122
386765,13122
386767,13122
386771,13122
386779,13123
386780,13123
386783,13123
386784,13123
386788,13123
386778,13124
386776,13125
386781,13125
386786,13125
386787,13125
386789,13125
386777,13126
386782,13126
386785,13126
386790,13127
386796,13128
386798,13128
386795,13129
386800,13129
387443,13129
386797,13130
386799,13131
386801,13131
386802,13131
386803,13131
386804,13132
386811,13132
386806,13133
386810,13133
386813,13133
386814,13133
386805,13134
386807,13134
386808,13134
386809,13134
386812,13134
386815,13134
386817,13135
386818,13135
386819,13135
386820,13135
386822,13135
386823,13135
386825,13135
386816,13136
386824,13136
386821,13137
386826,13137
386833,13138
386828,13139
386829,13139
386836,13139
386837,13139
386839,13139
386847,13140
386850,13140
386851,13141
386853,13141
386855,13141
386856,13141
386857,13141
386858,13141
386859,13141
387001,13141
387011,13141
387179,13141
386852,13142
386854,13142
386863,13143
386866,13143
386873,13143
386868,13144
386874,13144
386875,13145
386867,13146
386861,13147
386865,13147
386871,13147
386876,13147
386878,13147
392370,13147
386860,13148
386864,13148
386869,13148
386872,13148
386862,13149
386870,13149
386877,13149
386879,13150
386880,13150
386889,13150
386895,13150
386881,13151
386896,13151
386886,13152
386892,13152
386882,13153
386883,13153
386891,13153
386897,13153
386885,13154
386887,13154
386893,13154
386884,13155
386888,13155
386890,13155
386894,13155
386908,13157
386958,13157
387071,13157
387085,13157
386913,13158
386925,13158
386950,13158
387096,13158
387155,13158
387188,13158
386907,13159
386923,13159
386947,13159
386996,13159
387022,13159
387103,13159
387113,13159
387130,13159
387009,13160
387055,13160
386986,13161
387104,13161
387128,13161
387000,13162
387032,13162
387184,13162
386941,13163
387041,13163
387047,13163
387126,13163
387058,13164
386974,13165
387004,13165
387038,13165
387045,13165
387191,13165
387147,13166
387639,13166
387673,13166
386915,13167
387030,13167
387091,13167
387141,13167
387166,13167
386912,13168
387014,13168
387052,13168
387161,13169
387182,13169
387165,13170
386960,13171
387136,13171
387137,13171
387148,13171
387020,13172
387074,13172
386972,13173
387065,13173
386909,13174
386945,13174
387051,13174
387078,13174
390896,13175
390898,13175
390902,13175
390905,13175
390906,13175
390911,13175
390912,13175
386998,13176
387060,13176
387087,13176
387123,13176
387150,13176
386900,13177
386937,13177
386976,13177
386991,13177
387100,13177
387105,13177
387149,13177
387183,13177
386949,13178
386997,13178
387036,13178
387086,13178
387122,13178
386970,13179
387068,13179
386935,13180
387175,13180
387069,13181
387151,13181
387164,13181
386917,13182
386961,13182
386934,13183
386954,13183
387072,13183
387081,13183
387116,13183
387080,13184
387156,13184
387160,13184
386956,13185
387092,13185
387171,13185
387187,13185
386906,13186
386936,13186
387035,13186
387053,13186
387185,13186
386984,13187
387006,13187
387008,13187
387063,13187
387135,13187
394582,13187
386952,13188
387002,13188
387110,13188
387170,13188
386940,13189
386946,13189
387176,13189
386905,13190
387120,13190
386939,13191
387029,13191
387043,13191
387090,13191
387117,13191
387142,13191
386933,13192
386944,13192
387062,13192
387167,13192
394579,13192
387013,13193
387021,13193
387094,13193
386899,13194
386931,13194
386966,13194
386968,13194
387109,13194
387138,13194
387180,13194
387145,13195
387157,13195
386962,13196
386987,13196
387024,13196
387046,13196
387118,13196
386982,13197
387174,13197
387057,13198
387177,13198
386924,13199
387023,13199
387077,13199
387088,13199
387159,13199
387168,13199
386927,13200
387010,13200
394959,13200
395229,13200
386919,13201
387099,13201
387131,13201
387162,13201
387066,13202
387079,13202
386914,13203
386959,13203
387007,13203
387031,13203
387056,13203
387112,13203
387132,13203
387169,13203
386921,13204
387152,13204
387154,13204
386965,13205
387012,13205
387039,13205
387044,13205
387050,13205
387146,13205
386964,13206
386980,13206
387026,13206
387027,13206
387082,13206
386903,13207
387190,13207
386955,13208
386985,13208
387003,13208
387040,13208
387025,13211
387048,13211
387119,13211
387133,13211
386979,13212
387059,13212
387089,13212
386977,13213
387073,13213
386983,13214
387028,13214
387061,13214
387124,13214
387158,13214
387054,13215
387189,13215
386922,13216
386957,13216
387186,13216
386989,13217
386918,13218
386920,13218
387127,13218
396033,13218
387153,13219
387095,13220
387098,13220
387101,13220
386951,13221
386969,13221
387070,13222
386901,13223
387049,13223
387064,13223
386993,13224
387125,13224
386898,13225
386916,13225
386928,13225
386963,13225
386992,13225
387034,13225
387016,13226
387129,13226
386926,13227
386981,13227
386988,13227
387015,13227
387097,13227
396176,13227
386929,13228
386994,13228
387042,13228
387143,13228
386967,13229
387115,13229
386942,13230
386943,13231
387075,13231
387106,13231
387144,13231
387181,13231
386911,13232
386930,13232
386938,13232
387084,13232
387107,13232
387114,13232
387134,13232
387172,13232
387178,13232
387444,13232
386978,13233
387173,13233
386948,13234
387019,13234
387033,13234
387139,13234
387102,13235
387017,13236
387037,13236
387076,13236
386910,13237
386932,13237
386953,13237
386973,13237
386975,13237
386995,13237
387067,13237
387093,13237
387121,13237
387193,13238
387196,13238
387212,13238
387208,13239
387211,13239
387214,13240
387206,13241
387209,13241
387217,13241
387195,13242
387203,13242
387215,13242
387216,13242
387197,13243
387201,13243
387204,13243
387192,13244
387198,13244
387202,13244
387205,13244
387207,13244
387210,13244
387213,13244
387218,13244
387194,13245
387199,13245
387200,13245
387219,13245
387220,13246
387221,13247
387223,13248
387225,13249
387226,13249
387222,13250
387224,13250
387228,13251
387232,13251
387234,13252
387237,13252
387238,13252
387243,13252
387230,13253
387239,13253
387240,13253
387242,13253
387227,13254
387229,13254
387236,13254
387241,13254
387244,13254
387231,13255
387233,13255
387235,13255
387255,13256
387273,13256
387282,13256
387245,13257
387248,13257
387262,13257
387268,13257
387274,13257
387249,13258
387256,13258
387260,13258
387267,13258
387272,13258
387263,13259
387265,13259
387247,13260
387252,13260
387264,13260
387278,13260
387279,13260
387246,13261
387250,13261
387271,13261
387281,13261
387254,13262
387257,13262
387270,13262
387275,13262
387276,13262
387277,13262
387258,13263
387251,13264
387253,13264
387259,13264
387261,13264
387266,13264
387269,13264
387280,13264
387291,13265
387296,13265
387303,13265
387308,13265
389854,13266
389856,13266
389862,13266
389872,13266
389876,13266
389878,13266
387283,13267
387293,13267
387298,13267
387302,13267
387305,13267
387284,13268
387286,13268
387288,13268
387285,13269
387287,13269
387297,13269
387300,13269
387306,13269
387307,13269
387289,13270
387290,13270
387292,13270
387294,13270
387301,13270
387304,13270
387309,13270
387295,13271
387299,13271
387310,13272
387320,13272
387321,13272
387333,13272
387312,13273
387317,13273
387323,13273
387338,13273
387341,13273
387342,13273
387313,13274
387314,13274
387315,13274
387324,13274
387325,13274
387329,13274
387316,13275
387318,13275
387326,13275
387327,13275
387330,13275
387337,13275
387340,13275
387319,13276
387322,13276
387328,13276
387343,13276
391785,13276
391791,13276
387311,13277
387334,13277
387336,13277
387351,13278
387372,13278
387377,13278
387362,13279
387368,13279
387355,13280
387348,13281
387350,13281
387364,13281
387367,13281
387371,13281
387375,13281
387345,13282
387354,13282
387366,13282
387373,13282
387360,13283
387346,13284
387349,13284
387353,13284
387358,13284
387359,13284
387369,13284
387374,13284
387344,13285
387356,13285
387361,13286
387363,13286
387376,13286
387347,13287
387352,13287
387357,13288
387370,13288
387365,13289
391798,13289
391806,13289
391823,13289
387380,13290
387384,13290
387391,13290
387395,13290
387398,13290
387390,13291
387394,13291
387397,13291
387386,13292
387383,13293
387385,13293
387387,13293
387389,13293
387393,13293
387396,13293
387379,13294
387381,13294
387382,13295
387388,13295
387392,13295
387409,13296
387427,13296
387421,13297
387424,13297
387401,13298
387408,13299
387410,13299
387411,13299
387412,13299
387415,13299
387416,13299
387419,13299
387399,13300
387404,13300
387407,13300
387426,13300
387400,13301
387402,13301
387422,13301
387405,13302
387414,13302
387417,13302
387418,13302
387403,13303
387406,13303
387420,13303
387423,13303
387428,13303
387433,13304
387435,13304
387436,13304
387431,13305
387441,13305
387430,13306
387432,13307
387438,13307
387440,13307
387429,13308
387434,13308
387437,13308
387439,13308
387442,13308
387456,13309
387470,13309
387459,13310
387472,13310
387466,13311
387480,13311
388800,13311
388804,13311
388815,13311
391687,13311
391692,13311
387446,13312
387464,13313
387478,13313
387445,13314
387451,13314
387452,13314
387458,13314
387476,13314
387475,13315
387467,13316
387468,13316
387471,13316
387473,13316
393304,13316
396188,13316
387463,13317
387465,13317
387486,13318
387494,13318
387496,13319
387499,13319
387502,13319
387512,13319
387513,13319
387489,13320
387501,13320
387505,13320
387525,13320
387487,13321
387503,13321
387504,13321
387509,13321
387510,13321
387522,13321
387511,13322
387518,13322
387519,13322
387520,13322
387524,13322
387523,13323
387491,13324
387492,13324
387493,13324
387506,13324
387516,13325
387517,13325
387529,13326
387532,13326
387533,13326
387536,13327
387540,13327
387527,13328
387528,13328
387530,13328
387531,13328
387534,13328
387541,13328
387538,13329
387535,13330
387539,13330
387537,13331
387542,13332
387545,13332
387546,13332
387549,13332
387553,13332
387554,13332
387550,13333
387548,13334
387543,13335
387547,13335
387551,13335
387552,13335
387555,13335
387544,13336
387556,13336
390966,13336
387593,13337
387601,13337
387569,13338
387587,13338
387600,13338
387585,13339
387586,13339
387563,13340
387575,13340
387560,13341
387558,13342
387577,13342
387579,13342
387561,13343
387583,13343
387571,13344
387588,13344
387596,13344
387597,13344
387581,13345
387595,13345
387557,13346
387567,13346
387574,13346
387591,13346
387594,13346
387602,13346
387603,13346
387564,13347
387565,13347
387570,13347
387584,13347
387590,13347
387598,13347
387568,13348
387582,13348
391359,13348
391360,13348
391368,13348
391370,13348
391373,13348
391374,13348
391378,13348
391382,13348
391384,13348
387562,13349
387573,13349
387589,13349
387559,13350
387572,13350
387576,13350
387605,13351
387611,13351
387613,13351
387614,13351
387619,13351
387620,13351
387621,13351
387612,13352
387618,13352
387622,13352
387607,13353
387608,13353
387609,13353
387610,13353
387615,13353
387604,13354
387606,13354
387616,13354
387617,13354
387623,13355
387633,13355
387634,13355
387635,13355
387630,13356
387642,13357
387625,13358
387631,13358
387627,13359
387636,13359
387637,13359
387641,13359
387628,13360
387624,13361
387626,13361
387629,13361
387632,13361
387638,13361
387640,13361
387644,13362
387663,13362
387645,13363
387649,13363
387651,13363
387656,13363
387658,13363
387666,13363
387668,13363
387660,13364
387665,13364
387653,13365
387646,13366
387654,13366
387655,13366
387661,13366
387662,13366
387669,13366
387670,13366
387657,13367
387659,13367
387667,13367
387647,13368
387648,13368
387650,13368
387652,13368
387664,13368
390710,13368
387677,13369
387686,13369
387691,13369
387698,13369
387672,13370
387674,13370
387675,13370
387682,13370
387697,13370
390646,13370
390650,13370
387679,13371
387692,13371
387695,13371
387685,13372
387689,13372
387676,13373
387678,13373
387687,13373
387681,13374
387684,13374
387688,13374
387693,13374
387696,13374
387683,13375
387690,13375
390748,13376
390750,13376
390757,13376
390758,13376
387701,13377
387704,13377
387715,13377
387716,13378
390751,13379
387707,13380
387714,13380
387719,13380
387720,13380
387717,13381
387706,13382
387711,13383
387726,13384
387730,13384
387727,13385
387728,13385
387732,13385
387731,13386
396291,13386
387723,13387
387724,13387
387725,13387
387729,13387
387733,13387
387734,13387
387738,13388
387739,13388
387744,13388
387764,13388
387735,13389
387736,13389
387746,13389
387757,13389
387743,13390
387750,13390
387752,13390
387758,13390
387760,13390
387751,13391
387740,13392
387742,13392
387759,13392
387761,13392
387741,13393
387745,13393
387753,13393
387755,13393
387737,13394
387748,13394
387749,13394
387754,13394
387756,13394
387762,13394
387786,13395
387773,13396
387780,13396
387791,13396
387767,13397
387788,13397
387794,13397
387782,13398
387795,13399
387765,13401
387769,13401
387790,13401
387796,13402
387777,13403
387792,13403
387771,13404
387778,13404
387783,13405
387785,13405
387766,13406
387770,13406
387776,13406
387779,13406
387793,13406
387797,13406
387781,13407
387784,13407
387787,13407
387801,13408
387798,13409
387808,13409
387809,13409
387811,13409
387802,13410
387810,13410
387805,13411
387812,13411
387806,13412
387807,13412
387814,13412
387804,13413
387799,13414
387803,13415
387800,13416
387817,13417
387815,13418
387816,13418
387818,13418
387822,13419
387839,13419
387842,13419
387847,13419
387829,13420
387835,13420
387841,13420
387851,13420
387826,13421
387846,13421
387850,13421
387855,13421
387857,13421
387821,13422
387830,13422
387820,13423
387825,13423
387849,13423
387819,13424
387831,13424
387854,13425
387824,13426
387832,13426
387845,13426
387836,13427
387844,13427
387852,13427
387853,13427
387823,13428
387828,13428
387833,13428
387834,13428
387837,13428
387843,13428
387848,13429
387827,13430
387838,13430
387840,13430
387856,13430
387858,13430
387877,13431
387870,13432
387860,13433
387871,13433
387873,13433
387874,13433
387884,13433
387861,13434
387862,13434
387864,13434
387883,13434
393191,13434
393241,13434
387863,13435
387866,13435
387878,13435
387885,13435
387865,13436
387879,13436
387881,13436
387886,13436
387859,13437
387872,13437
387876,13437
387882,13437
387869,13438
387875,13438
387867,13439
387895,13440
387896,13440
387892,13441
387900,13441
387893,13442
387897,13442
387899,13442
387887,13443
387891,13443
387894,13443
387901,13443
387888,13444
387889,13444
387890,13444
387898,13444
387902,13444
387914,13445
387918,13445
387908,13446
387915,13446
393618,13446
387905,13447
387911,13447
387919,13447
387920,13447
387903,13448
387907,13448
387904,13449
387909,13450
387910,13450
387917,13450
387906,13451
387912,13451
387913,13451
387916,13451
387921,13451
387930,13452
387944,13452
387948,13452
387954,13452
396310,13452
387934,13453
387937,13453
387939,13453
387953,13453
387955,13454
387932,13455
387933,13455
387940,13455
387942,13455
387947,13455
387950,13455
387961,13455
387927,13456
387943,13456
387951,13456
387952,13456
387956,13456
387958,13456
387959,13456
387923,13457
387924,13457
387925,13457
387931,13457
387938,13457
387945,13457
387922,13458
387935,13458
387941,13458
387926,13459
387946,13460
387957,13460
387960,13461
387966,13462
387968,13462
387973,13462
387976,13462
387963,13463
387964,13463
387965,13463
387972,13463
387977,13463
387978,13463
387969,13464
387974,13464
387979,13464
387987,13465
387994,13465
388006,13465
388007,13465
388009,13465
388010,13465
387981,13466
387983,13466
387984,13466
387985,13466
387988,13466
387991,13466
388004,13466
387996,13467
387980,13468
387986,13468
387990,13468
387993,13468
388001,13468
388008,13469
387982,13470
387992,13470
387995,13470
387999,13470
388002,13470
387997,13471
387998,13471
388003,13471
388005,13471
388020,13472
388021,13472
388022,13472
388032,13472
388041,13472
388045,13472
388046,13472
388023,13473
388026,13473
388027,13473
388053,13473
388015,13474
388017,13474
388024,13474
388047,13474
388012,13475
388019,13475
388028,13475
388034,13475
388039,13475
388018,13476
388035,13476
388043,13476
388051,13476
388044,13477
388016,13478
388033,13478
388038,13478
388049,13478
388054,13478
388055,13478
388011,13479
388014,13479
388025,13479
388037,13479
388013,13480
388030,13480
388040,13480
388042,13480
388052,13480
388048,13481
388029,13482
388036,13482
388031,13483
388050,13483
388077,13484
388058,13485
388060,13485
388064,13485
388065,13485
388070,13485
388080,13485
388082,13485
388067,13486
388059,13487
388062,13487
388066,13487
388079,13487
388068,13488
388074,13488
388075,13488
388071,13489
388073,13489
388063,13490
388061,13491
388069,13492
388072,13492
388076,13492
388078,13493
388081,13493
388083,13493
388056,13494
388057,13494
388090,13495
388091,13495
388093,13495
388102,13495
388105,13495
388118,13495
388123,13495
388147,13495
388149,13495
388106,13496
388142,13496
388089,13497
388095,13497
388108,13497
388114,13497
388116,13497
388135,13497
388143,13497
388151,13497
388111,13498
388132,13499
388141,13499
388154,13499
388086,13500
388094,13500
388153,13500
388130,13501
388096,13502
388103,13503
388110,13503
388122,13503
388146,13503
388157,13503
396989,13503
388087,13504
388100,13504
388134,13504
388144,13504
388161,13505
388163,13505
396971,13505
396992,13505
396996,13505
388097,13506
388099,13506
388101,13506
388115,13506
388092,13507
388121,13507
388139,13507
388165,13507
388150,13508
390629,13508
388113,13509
388129,13509
388131,13509
388140,13509
388159,13509
388162,13509
388098,13510
388104,13510
388109,13510
388112,13510
388124,13510
388127,13510
388136,13510
388160,13510
388084,13511
388138,13511
388148,13511
388152,13511
388085,13512
388117,13513
388119,13513
388156,13513
388088,13514
388125,13515
388137,13515
388126,13516
388155,13516
388128,13517
388164,13517
388166,13518
388167,13518
388175,13518
388179,13518
388169,13519
388172,13519
388173,13519
388174,13519
388176,13519
388183,13519
388177,13520
388168,13521
388181,13521
388182,13521
388184,13521
388170,13522
388171,13522
388178,13522
388180,13522
388202,13523
388210,13523
388215,13523
388249,13523
388192,13524
388218,13524
388240,13524
388201,13525
388195,13526
388206,13526
388232,13526
388243,13526
388191,13527
388241,13527
394285,13527
395285,13527
388223,13528
388225,13528
388236,13528
388198,13529
388204,13529
388186,13530
388207,13530
388239,13530
388246,13530
388187,13531
388193,13531
388194,13531
388250,13531
388233,13532
388190,13533
388200,13533
388211,13533
388221,13533
388251,13533
388205,13534
388226,13534
388247,13534
388248,13534
388199,13535
388214,13535
388224,13535
388242,13535
388216,13536
388220,13536
388228,13536
388196,13537
388208,13537
388222,13537
388230,13537
388237,13537
388244,13537
388188,13538
388197,13538
388217,13538
388219,13538
388245,13538
388185,13539
388209,13539
388235,13539
390973,13539
388229,13540
388252,13541
388258,13541
388265,13541
388266,13541
388268,13541
388255,13542
388256,13542
388264,13542
388269,13542
388270,13542
388254,13543
388262,13543
388263,13543
388267,13543
388271,13543
388273,13543
388253,13544
388259,13544
388260,13544
388257,13546
388261,13546
388272,13546
388275,13547
388279,13547
388282,13547
388276,13548
388280,13548
388284,13548
388285,13548
388274,13549
388277,13549
388278,13549
388281,13549
388283,13549
388304,13550
388306,13550
388308,13550
388311,13550
388290,13551
388291,13551
388292,13551
388298,13551
388286,13552
388300,13552
388303,13552
388293,13553
388299,13553
388312,13553
388313,13553
388294,13554
388307,13554
388319,13554
388289,13555
388309,13555
388301,13556
388296,13557
388295,13558
388314,13558
388302,13559
388305,13559
388310,13560
388322,13561
388328,13561
388336,13561
388343,13561
388329,13562
388347,13562
388325,13563
388333,13563
388335,13563
388346,13563
388350,13563
388338,13564
388342,13564
388344,13564
388321,13565
388330,13565
388334,13565
388348,13565
388337,13566
388331,13567
388324,13568
388327,13568
388320,13569
388339,13569
388341,13569
388345,13569
388351,13569
388323,13570
388326,13571
388332,13571
388340,13572
388349,13572
391236,13572
388363,13573
388388,13573
388366,13574
388390,13574
388354,13575
388360,13575
388376,13575
388382,13575
388383,13575
388369,13576
388352,13577
388355,13577
388386,13577
388380,13578
388389,13578
388393,13578
388353,13579
388358,13579
388364,13579
388385,13579
388391,13579
388361,13580
388370,13580
388357,13581
388381,13581
388365,13582
388367,13582
388373,13582
388371,13583
388377,13583
388372,13584
388356,13585
388359,13585
388362,13585
388375,13585
388379,13585
388387,13585
388392,13585
388368,13586
388374,13586
388378,13586
388384,13586
388405,13587
388406,13587
388408,13587
388394,13588
388404,13588
388409,13588
388413,13588
388398,13589
388401,13590
388399,13591
388396,13592
388400,13592
388403,13592
388407,13592
388411,13592
388414,13592
388395,13593
388402,13593
388410,13593
388412,13593
388415,13593
388397,13594
388419,13595
388429,13595
388444,13595
388426,13596
388430,13596
388440,13596
388427,13597
388442,13597
388441,13598
388423,13599
388431,13599
388434,13599
388437,13599
388438,13600
388420,13601
393888,13601
394797,13601
395329,13601
388421,13602
388425,13602
388432,13602
388433,13602
388435,13602
388436,13602
388446,13602
388417,13603
388428,13603
388439,13603
388443,13603
388422,13604
388476,13605
388477,13605
388460,13606
388484,13606
388485,13606
388490,13606
388452,13607
388453,13607
388455,13607
388459,13607
388462,13607
388463,13607
388464,13607
388469,13607
388480,13607
388481,13607
388449,13608
388451,13608
388458,13608
388465,13608
388467,13608
388471,13609
388474,13609
388482,13609
388456,13610
388457,13610
388470,13610
388473,13610
388486,13610
388468,13611
388475,13611
388483,13611
388487,13611
388447,13612
388461,13612
388478,13612
388488,13612
388489,13612
394098,13612
388448,13613
388450,13613
388454,13613
388466,13613
388472,13613
388479,13613
388497,13614
388500,13614
388508,13614
388520,13614
388521,13614
388522,13614
396727,13614
388496,13615
388502,13615
388507,13615
388509,13615
388534,13615
388535,13615
396698,13615
388510,13616
388526,13616
388528,13616
388531,13616
388536,13616
388538,13616
388493,13617
388494,13617
388495,13617
388498,13617
388503,13617
388523,13617
388532,13617
388504,13618
388506,13618
388512,13618
388525,13618
388530,13618
388533,13618
388491,13620
388499,13620
388513,13620
388524,13620
388537,13620
388539,13620
388515,13621
388527,13621
388492,13622
388511,13622
396700,13622
396702,13622
396710,13622
396711,13622
396721,13622
396726,13622
396731,13622
388501,13623
388505,13623
388516,13623
388514,13624
388517,13624
388518,13624
388519,13624
388529,13624
388540,13624
388542,13625
388543,13625
388546,13625
388552,13625
388553,13625
388547,13626
388551,13626
388558,13626
388544,13627
388545,13627
388548,13627
388557,13627
388541,13628
388549,13628
388554,13628
388559,13628
388555,13629
390907,13629
390910,13629
388550,13630
388556,13630
388579,13631
388582,13631
388594,13631
388607,13631
388609,13631
388560,13632
388585,13632
388569,13633
388600,13633
388570,13634
388561,13635
388564,13635
388573,13635
388588,13635
388596,13635
388603,13635
388571,13636
388578,13636
388608,13636
388562,13637
388597,13637
388593,13638
388599,13638
388604,13638
388568,13639
388572,13639
388574,13639
388586,13639
388590,13639
388605,13639
388566,13640
388576,13640
388589,13640
388592,13640
388563,13641
388575,13641
388565,13642
388577,13642
388581,13642
388584,13642
388591,13642
388595,13642
388601,13642
388602,13642
388606,13642
388567,13643
388580,13643
388583,13643
388598,13643
388632,13644
388637,13644
388617,13645
391450,13645
388613,13646
388625,13646
388628,13646
388629,13646
388639,13646
391459,13646
388615,13647
388622,13647
388624,13647
388627,13647
388626,13648
388630,13648
388620,13649
388635,13649
388610,13650
388619,13650
388631,13651
388611,13652
388612,13652
388621,13652
388623,13652
388614,13653
388616,13653
388618,13653
388634,13653
391458,13653
388633,13654
388636,13654
388638,13654
388668,13655
388667,13656
388645,13657
388650,13657
388643,13658
388653,13658
388662,13658
388663,13658
388642,13659
388655,13659
388658,13659
388646,13660
388649,13660
388652,13660
388657,13660
388664,13660
388648,13661
388654,13661
388661,13661
388640,13662
388659,13662
388665,13662
388641,13663
388644,13663
388647,13663
388651,13663
388656,13663
388660,13663
388666,13664
388677,13665
388686,13665
388692,13665
388669,13666
388675,13666
388682,13666
388697,13666
388670,13667
388683,13667
388685,13667
388696,13667
388704,13667
388706,13667
388708,13667
388672,13668
388674,13668
388687,13668
388689,13668
388705,13668
388710,13668
388698,13669
388691,13670
388690,13671
388700,13671
388707,13671
388709,13672
390413,13672
388673,13673
388695,13673
388702,13673
388703,13673
388679,13674
388680,13674
388681,13674
388694,13674
388671,13675
388676,13675
388688,13675
388678,13676
388684,13676
388693,13676
388699,13676
388701,13676
388711,13677
388713,13677
388714,13677
388719,13677
388726,13677
388738,13677
388720,13678
388733,13678
390802,13678
388715,13679
388737,13679
388740,13679
388741,13679
388725,13680
388728,13680
388729,13680
388739,13680
388712,13681
388731,13681
388734,13681
388736,13681
388742,13681
394027,13681
388716,13682
388717,13682
388718,13682
388732,13682
388722,13683
388730,13683
388721,13684
388723,13684
388724,13684
388727,13684
388735,13684
394028,13684
388744,13685
388748,13685
388749,13685
388752,13685
388753,13685
388754,13685
388743,13686
388746,13686
388750,13686
388751,13686
388763,13687
388766,13687
388757,13688
388758,13688
388760,13688
388764,13688
388756,13689
388765,13689
388767,13689
388755,13690
388759,13690
388761,13690
388762,13690
388769,13691
388772,13691
388775,13691
388778,13691
388779,13691
388782,13691
388786,13692
388777,13693
388783,13693
388784,13693
388771,13695
388773,13695
388774,13695
388787,13695
388789,13695
388781,13697
388821,13698
388822,13698
388798,13699
388808,13699
388811,13699
388812,13699
388820,13699
388823,13699
388809,13700
388836,13700
388839,13700
388840,13700
388826,13701
388828,13701
391675,13701
391676,13701
391677,13701
391679,13701
391689,13701
388797,13702
388807,13702
388832,13702
388833,13702
388843,13702
388794,13703
388795,13703
388803,13703
388814,13703
388830,13703
388838,13703
388791,13704
388817,13704
388827,13705
388835,13706
388841,13706
388802,13707
388792,13708
388837,13708
388793,13709
388801,13709
388816,13709
388824,13709
388831,13709
388799,13710
388834,13710
388796,13711
388810,13711
388819,13711
388806,13712
388818,13712
388825,13712
388829,13712
388842,13712
388844,13712
388805,13713
388813,13713
388845,13713
388848,13714
388881,13714
388864,13715
388866,13715
388869,13715
388874,13715
388875,13715
388846,13716
388852,13716
388856,13716
388865,13716
388873,13716
388885,13716
388879,13717
388870,13718
388878,13718
388850,13719
388858,13719
388847,13720
388853,13720
388855,13720
388857,13720
388883,13720
388867,13721
388863,13722
388876,13722
388871,13723
388872,13723
388862,13724
388877,13724
388849,13725
388851,13725
388861,13725
388868,13725
388906,13726
388888,13727
388893,13727
388901,13727
388909,13727
388912,13727
388919,13727
388898,13728
388889,13729
388891,13729
388915,13729
388887,13730
388914,13730
388902,13731
388905,13731
388907,13731
388911,13731
388917,13731
388922,13731
388890,13732
388897,13732
388908,13732
388910,13732
388920,13732
388886,13733
388892,13733
388895,13733
388896,13733
388899,13733
388903,13733
388918,13733
388921,13733
388923,13733
388965,13734
388932,13735
388941,13735
388949,13735
388957,13735
388958,13735
388968,13735
388926,13736
388939,13736
388963,13736
388927,13737
388931,13737
388956,13737
392144,13737
388935,13738
388937,13738
388960,13738
388961,13738
388971,13738
388928,13739
388936,13740
388951,13740
388954,13741
388955,13741
388962,13741
388966,13741
388969,13741
388929,13742
388946,13742
388945,13743
388959,13743
388972,13743
388934,13744
388973,13744
388948,13745
388964,13745
388933,13746
388942,13746
388943,13746
388950,13746
388970,13746
388975,13746
388967,13747
388924,13748
388938,13748
388940,13748
388944,13748
388952,13748
388953,13748
388974,13748
388925,13749
388930,13749
388947,13749
388976,13750
388977,13750
388978,13750
388979,13750
388980,13750
388981,13750
388982,13750
388983,13750
388988,13750
394765,13750
395334,13750
388984,13751
388986,13751
388987,13751
388989,13751
388990,13751
389007,13752
389006,13753
388996,13754
388998,13755
389010,13755
388993,13756
388999,13756
388997,13757
389002,13757
389005,13757
388991,13758
389009,13758
389011,13758
388992,13759
388994,13759
389000,13759
389003,13759
389004,13759
389008,13760
389012,13760
390738,13760
389013,13761
389015,13761
389020,13761
389021,13761
389022,13761
389014,13762
389016,13762
389018,13762
389023,13763
389017,13764
389019,13764
389060,13765
389065,13765
389027,13766
389030,13766
389041,13766
389037,13767
389049,13767
389051,13767
389056,13767
389029,13768
389031,13768
389033,13768
389036,13768
389046,13768
389045,13769
389026,13770
389044,13770
389048,13770
389050,13770
389053,13771
389040,13772
389055,13772
389035,13773
389047,13774
389061,13774
389063,13774
389064,13774
389024,13775
389025,13775
389028,13775
389039,13775
389057,13775
389032,13776
389042,13776
389043,13776
389059,13776
389062,13776
389034,13777
389052,13777
389054,13777
389038,13778
389058,13778
389074,13779
389080,13779
389068,13780
389069,13780
389076,13780
389084,13780
389071,13781
389079,13781
390920,13781
390923,13781
390929,13781
392865,13781
392880,13781
392890,13781
389066,13782
389073,13782
389075,13782
389083,13782
396037,13782
392882,13783
389067,13784
389070,13784
389072,13784
389077,13784
389078,13784
389081,13784
389082,13784
389085,13784
389096,13785
389098,13786
389101,13786
389104,13786
389108,13786
389086,13788
389087,13788
389092,13788
389094,13788
389106,13788
389112,13788
389116,13788
389117,13788
389120,13788
389091,13789
389097,13789
389105,13789
389111,13789
389118,13789
393550,13789
389090,13790
389099,13790
389102,13790
389107,13790
389109,13790
389119,13790
389095,13791
389114,13791
389115,13791
389093,13792
389100,13792
389103,13792
389110,13792
389088,13793
389113,13793
389089,13794
389128,13795
389134,13795
389138,13796
389140,13796
389145,13796
389130,13797
389133,13797
389139,13797
389143,13797
389147,13797
389123,13798
389125,13798
389129,13798
389141,13798
389142,13798
389146,13798
389152,13798
389154,13798
389158,13798
389121,13799
389122,13799
389136,13800
389156,13800
389124,13801
389150,13801
389153,13801
389135,13802
389127,13803
389132,13803
389126,13804
389137,13804
389144,13804
389157,13804
389148,13805
389151,13805
389131,13806
389149,13806
389155,13806
389184,13807
389187,13807
389205,13807
389210,13807
389171,13808
389179,13808
389197,13809
389168,13810
389173,13810
389181,13810
389185,13810
389189,13810
389190,13810
389203,13810
389159,13811
389170,13811
389193,13811
389195,13811
389201,13811
389208,13811
392895,13811
389167,13812
389199,13812
389204,13812
389206,13812
389160,13813
389166,13813
389175,13813
389207,13813
389194,13814
389200,13814
389209,13814
389177,13815
389178,13815
389182,13815
389191,13815
389172,13816
389198,13816
389202,13816
389163,13818
389165,13818
389176,13819
389192,13819
389161,13820
389162,13820
389164,13820
389174,13820
389180,13820
389188,13820
389196,13820
389169,13821
389183,13821
389186,13821
389243,13822
389234,13823
389257,13823
389232,13824
389235,13824
389247,13824
389252,13824
389254,13824
389264,13824
389260,13825
389268,13825
389276,13825
389291,13825
389213,13826
389218,13826
389219,13826
389237,13826
389238,13826
389251,13826
389261,13826
389266,13826
389288,13826
389211,13827
389241,13827
389242,13827
389275,13827
390370,13827
389277,13828
389229,13829
389244,13829
389265,13829
389287,13829
389259,13830
389225,13831
389226,13831
389233,13831
389220,13832
389221,13832
389258,13832
389293,13832
389270,13833
389283,13833
389228,13834
389256,13834
389286,13834
389295,13834
389298,13835
389216,13836
389236,13836
389292,13836
389280,13837
389223,13838
389284,13838
389214,13839
389217,13840
389240,13840
389272,13840
389282,13840
389245,13841
389271,13841
389296,13841
389239,13842
389249,13842
389212,13843
389285,13843
389227,13844
389269,13844
389289,13844
389263,13845
389267,13845
389230,13846
389231,13846
389246,13846
389250,13846
389262,13846
389222,13847
389224,13847
389255,13847
389274,13847
389290,13847
389215,13848
389273,13848
389278,13848
389281,13848
389297,13848
395972,13848
396091,13848
389309,13849
389315,13849
389317,13849
389334,13849
389339,13849
389327,13850
389325,13851
389340,13851
389311,13852
389338,13852
389345,13853
389299,13854
389328,13854
389346,13854
389321,13855
389330,13855
389343,13855
389308,13856
389312,13856
389316,13858
389326,13858
389300,13859
389331,13859
389329,13860
389350,13860
389318,13861
389336,13861
389337,13861
389344,13861
396011,13861
396194,13861
389305,13862
389306,13862
389313,13862
389351,13862
389302,13863
389332,13863
389349,13863
389310,13864
389352,13864
391237,13864
389323,13865
389341,13865
389353,13866
389364,13866
389366,13866
389376,13866
389380,13866
389381,13866
389382,13866
389356,13867
389362,13867
389363,13867
389375,13867
389358,13868
389365,13868
389367,13868
389385,13868
389355,13869
389357,13869
389369,13869
389372,13869
389361,13870
389378,13870
389379,13870
389359,13871
389368,13871
389373,13871
389354,13872
389360,13872
389370,13872
389371,13872
389383,13872
389384,13872
392643,13872
389374,13873
389386,13874
389388,13875
389391,13875
389394,13875
389396,13875
389389,13876
389390,13876
389395,13876
389397,13876
389398,13876
389399,13876
389387,13877
389393,13877
389405,13878
389413,13878
389400,13879
389401,13879
389402,13879
389403,13879
389404,13879
389406,13879
389407,13879
389408,13879
389409,13879
389411,13879
389414,13879
389419,13880
389420,13880
389426,13880
389432,13880
389424,13881
389433,13881
389431,13882
389415,13883
389423,13883
389427,13883
389418,13884
389421,13884
389428,13884
389429,13884
389430,13884
389416,13885
389417,13885
389422,13885
389425,13885
389434,13885
389435,13885
389453,13886
389473,13886
389461,13887
389459,13888
389466,13888
389446,13889
389449,13889
389465,13889
389469,13889
389444,13890
389467,13890
389470,13890
389436,13891
389440,13891
389442,13891
389451,13891
389457,13891
389462,13891
389441,13893
389455,13893
389460,13893
389471,13893
389437,13894
389447,13894
389448,13894
389456,13894
389464,13894
389475,13894
389474,13895
389443,13896
389476,13896
389445,13897
389454,13897
396345,13897
389438,13898
389468,13898
389472,13898
389439,13899
389450,13899
389452,13900
389514,13901
389518,13901
389508,13902
389485,13903
389493,13903
389524,13903
389525,13903
389478,13904
389488,13904
389507,13904
389477,13905
389483,13905
389494,13905
389498,13905
389512,13905
389517,13905
389521,13905
389523,13905
389491,13906
389502,13906
389516,13906
395168,13906
389499,13907
389500,13907
389503,13907
389519,13907
389520,13907
389482,13908
389490,13908
389497,13908
389501,13908
389505,13908
389509,13908
389511,13908
389510,13909
389522,13909
389481,13910
389484,13910
389489,13910
389513,13911
389479,13912
389480,13912
389486,13912
389487,13913
389492,13913
389506,13913
389515,13913
389526,13913
395683,13913
389495,13914
389528,13915
389533,13915
389534,13915
389542,13915
389554,13915
389535,13916
389544,13916
389545,13916
389551,13916
389552,13916
389553,13916
389527,13917
389530,13917
389529,13918
389532,13918
389538,13918
389540,13918
389541,13918
389547,13918
389549,13919
389531,13920
389537,13920
389539,13920
389536,13921
389543,13921
389546,13922
389548,13922
389550,13922
389561,13923
389562,13923
389575,13923
389558,13924
389559,13924
389564,13924
389572,13924
389581,13924
389589,13924
394597,13924
394993,13924
395251,13924
395277,13924
389590,13925
389565,13926
389566,13926
389567,13926
389573,13926
389578,13926
389582,13926
389586,13926
389588,13926
389557,13927
389569,13927
389571,13927
389585,13927
389577,13928
389579,13928
389580,13928
389587,13928
389560,13929
389576,13929
389584,13929
391083,13929
389556,13930
389563,13930
389568,13930
389574,13930
389583,13930
389597,13931
389599,13931
389601,13931
389604,13931
389606,13931
389596,13932
389608,13932
389600,13933
390887,13933
389602,13934
389591,13935
389607,13935
389594,13936
389595,13936
389593,13937
389605,13937
389623,13939
389630,13939
389632,13939
389610,13940
389611,13940
389640,13940
389609,13941
389614,13942
389627,13942
389639,13942
389645,13942
389650,13942
389616,13943
389626,13943
389628,13943
389618,13944
389636,13944
389642,13944
389613,13945
389633,13945
389615,13946
389617,13946
389620,13946
389629,13946
389631,13946
389638,13946
389644,13946
389621,13947
389641,13947
389619,13948
389624,13948
389625,13948
389643,13948
389635,13949
389694,13950
389657,13951
389682,13951
389685,13951
389686,13952
389689,13953
389691,13953
389654,13954
389667,13954
389690,13955
389695,13955
389703,13955
389705,13955
389668,13956
389670,13956
389656,13957
389673,13957
389704,13957
389666,13958
389701,13958
389652,13959
389653,13959
389660,13959
389669,13959
389676,13959
389680,13959
389697,13959
389702,13959
389655,13960
389659,13960
389674,13960
389679,13960
389688,13960
389677,13961
389681,13961
389692,13961
389696,13961
394549,13961
395344,13961
389665,13962
389675,13962
389698,13962
389661,13963
389678,13963
389683,13963
389687,13963
389658,13964
389662,13964
389664,13964
389684,13964
389693,13964
389699,13964
389700,13964
389651,13965
389663,13965
389671,13965
389672,13965
389720,13966
389724,13966
389712,13967
389713,13968
389719,13968
389725,13968
389723,13969
389726,13969
389727,13969
389728,13969
389729,13969
389708,13970
389709,13970
389717,13970
389707,13971
389718,13971
389721,13971
389715,13972
389734,13972
389706,13973
389714,13973
389722,13973
389730,13973
389731,13973
389733,13973
389735,13973
389736,13973
389732,13974
389768,13975
389770,13975
389742,13976
389756,13976
389773,13977
389777,13977
389757,13978
389741,13979
389749,13979
389750,13979
389753,13979
389748,13980
389759,13980
389764,13980
389771,13980
389766,13981
389780,13981
389740,13982
389747,13982
389754,13982
389774,13982
389782,13982
389737,13983
389781,13983
389758,13984
389760,13984
389769,13984
389763,13985
389772,13985
390478,13986
390534,13986
390572,13986
389743,13987
389761,13987
389779,13987
389738,13988
389752,13988
389755,13988
389765,13988
389775,13988
389776,13988
389739,13989
389744,13989
389745,13989
389746,13989
389762,13989
389778,13989
389783,13990
389784,13990
389786,13990
389790,13990
389791,13990
389785,13991
389792,13991
389787,13992
389788,13992
389789,13992
389793,13992
389803,13993
389804,13993
389795,13994
389799,13994
389801,13994
389794,13995
389798,13995
389806,13995
389797,13996
389807,13996
389821,13997
389824,13997
389827,13997
389829,13997
389825,13998
389833,13998
389811,13999
389813,13999
389816,13999
389817,13999
389809,14000
389810,14000
389812,14000
389814,14000
389819,14000
389820,14000
389822,14000
389826,14000
389828,14000
389818,14001
389832,14001
389835,14001
389815,14002
389823,14002
389830,14002
389831,14002
389834,14002
389844,14003
389847,14003
396715,14003
396724,14003
396729,14003
396735,14003
389838,14004
389842,14005
389836,14006
389840,14006
390281,14006
390724,14007
390726,14007
390727,14007
390729,14007
390730,14007
389841,14008
389843,14008
389848,14008
389837,14009
389839,14009
389845,14009
389846,14009
389867,14010
389877,14010
389853,14011
389865,14011
389871,14011
389849,14012
389857,14012
389883,14012
389869,14013
389851,14014
389860,14015
389861,14015
389863,14015
389870,14015
389884,14015
389864,14016
389868,14016
389852,14017
389858,14017
389880,14017
389859,14018
389881,14018
389855,14019
389866,14019
389873,14019
389875,14019
389912,14020
389923,14020
389932,14020
389944,14020
389910,14021
389886,14022
389931,14022
389891,14023
389901,14023
389915,14023
389920,14023
391329,14023
391334,14023
394405,14023
389885,14024
389914,14024
389922,14024
389955,14024
389957,14024
389956,14025
389925,14026
389900,14027
389902,14028
389919,14028
389926,14028
389940,14028
389958,14028
389893,14029
389906,14029
389907,14029
389921,14029
389942,14029
389935,14030
389941,14030
389945,14030
389960,14030
389887,14031
389894,14031
389899,14031
389948,14031
389959,14031
389897,14032
389917,14032
389888,14033
389889,14033
389892,14033
389896,14033
389951,14033
389895,14034
389927,14034
389938,14034
389954,14034
389933,14035
389936,14035
389916,14036
389928,14036
389929,14036
389939,14036
389947,14036
389946,14037
389890,14038
389913,14038
389918,14038
389950,14038
396982,14038
389937,14039
389943,14039
389949,14039
389903,14040
389898,14041
389904,14041
389909,14041
389930,14042
389952,14042
389911,14043
393985,14043
393986,14043
389908,14044
389924,14044
389934,14044
389953,14044
389968,14045
389985,14045
390023,14045
390029,14045
390001,14046
390032,14046
390008,14047
390016,14047
390021,14047
389973,14048
389974,14048
389976,14048
389977,14048
390005,14048
390009,14048
390031,14048
389987,14049
396465,14049
396466,14049
396467,14049
396468,14049
389981,14050
389984,14050
389975,14051
390002,14051
389970,14052
389972,14052
389986,14052
390014,14052
391427,14052
389962,14053
389969,14053
389971,14053
389990,14053
389992,14053
390020,14053
389988,14054
390033,14054
389964,14055
389980,14056
390024,14056
389978,14057
389989,14057
389995,14057
390004,14057
390025,14057
389994,14059
390013,14059
389963,14060
390006,14060
390010,14060
390027,14060
389997,14061
389996,14062
389966,14063
389967,14063
390015,14063
390030,14063
389983,14064
390018,14064
390022,14064
389965,14065
389991,14065
389999,14066
389993,14067
389998,14068
389982,14069
395501,14069
395658,14069
390000,14070
390017,14070
390081,14071
390066,14072
390044,14074
390048,14074
390052,14074
390059,14074
390036,14075
390039,14076
390051,14076
390053,14076
390063,14076
390077,14076
390049,14077
390054,14077
390073,14077
390076,14077
390067,14078
390037,14079
390058,14079
390070,14079
394698,14079
395430,14079
390038,14080
390041,14080
390055,14080
390040,14081
390056,14081
390062,14081
390065,14081
390068,14081
390071,14081
390075,14081
390046,14082
390078,14082
390035,14083
390050,14083
395365,14083
390034,14084
390057,14084
390080,14084
392099,14084
390064,14085
390072,14085
390074,14085
390079,14085
390042,14086
390043,14086
390045,14086
390047,14086
390060,14086
390061,14087
390069,14087
390084,14088
390086,14088
390089,14088
390090,14088
390091,14088
390092,14088
390096,14088
390097,14088
390083,14089
390087,14089
390088,14089
390093,14089
390095,14089
390094,14090
390082,14091
390085,14091
390106,14092
390109,14092
390111,14092
390098,14093
390099,14093
390108,14093
390110,14093
390100,14094
390103,14094
390101,14095
390104,14095
390105,14095
390112,14095
390102,14096
390113,14096
390107,14097
395682,14097
390121,14098
390128,14098
390131,14098
390132,14098
390133,14098
390116,14099
390117,14099
390123,14099
390125,14099
390129,14099
390130,14099
395103,14099
390122,14100
390127,14100
390115,14101
390120,14101
390126,14101
390135,14101
390118,14102
390119,14102
390124,14102
390114,14103
390134,14103
390149,14104
390141,14105
390142,14105
390146,14106
390148,14106
390138,14107
390136,14108
390139,14108
390140,14108
390143,14108
390147,14108
390137,14109
390144,14109
390145,14109
390151,14110
390157,14110
390160,14110
390166,14110
390169,14110
390170,14110
390172,14110
390178,14110
390179,14110
390154,14111
390155,14111
390163,14111
390173,14112
390153,14113
390156,14113
390161,14113
390165,14113
390152,14114
390171,14114
390180,14114
390158,14115
390159,14115
390167,14115
390168,14115
390176,14115
390164,14116
390177,14116
390150,14117
390162,14117
390175,14117
390174,14118
390187,14119
390181,14120
390195,14120
390225,14121
390202,14122
390185,14123
390211,14124
390199,14125
390213,14125
390229,14125
394460,14125
390201,14126
390214,14126
390188,14127
390196,14127
390215,14127
390220,14127
390245,14127
390189,14128
390190,14128
390207,14128
390231,14128
390209,14129
390224,14129
390234,14130
390193,14131
390210,14131
390232,14131
390182,14132
390184,14132
390243,14132
390186,14133
390221,14134
390206,14135
390237,14135
390238,14135
390663,14136
394747,14136
390223,14137
390235,14137
390197,14138
390216,14138
390233,14138
390242,14138
390192,14139
390183,14140
390203,14140
390212,14140
390239,14140
390240,14140
390204,14141
390208,14141
390217,14141
390219,14141
390241,14141
390194,14142
394843,14142
390198,14143
390218,14143
390228,14143
390230,14143
390236,14143
390244,14143
390227,14144
390191,14145
390200,14145
390222,14145
390257,14146
390264,14146
390266,14146
390268,14146
390274,14146
390277,14146
390246,14147
390247,14147
390249,14147
390267,14147
390250,14148
390261,14148
390265,14148
390273,14148
390248,14149
390263,14149
390252,14150
390253,14151
390254,14151
390256,14151
390260,14151
390269,14151
390270,14151
390271,14152
390262,14153
390251,14154
390258,14154
390272,14154
390275,14154
390255,14155
390259,14155
390276,14155
390278,14155
390279,14156
390280,14156
390282,14156
390285,14157
390292,14157
390293,14157
390283,14158
390284,14158
390289,14158
390300,14158
390297,14159
390288,14160
390294,14160
390295,14160
390302,14160
390286,14161
390290,14161
390291,14161
390301,14161
390303,14161
390287,14162
390296,14162
390298,14162
390299,14162
390316,14163
390340,14163
390312,14164
390307,14165
390314,14165
390326,14165
390327,14165
390330,14165
390335,14166
390343,14166
390309,14167
390313,14168
390315,14168
390323,14168
390324,14168
390333,14168
390334,14168
390320,14169
390321,14169
390306,14170
390308,14170
390331,14170
390325,14171
390338,14171
390339,14171
390311,14172
390317,14172
390332,14172
390336,14172
390310,14173
390322,14173
390329,14173
390304,14174
390328,14174
390341,14174
390305,14175
390318,14175
390319,14175
390337,14175
390342,14175
390347,14176
390352,14176
390354,14176
390349,14177
390353,14177
390351,14178
390355,14178
390348,14179
390350,14179
390344,14180
390345,14180
390346,14180
390357,14181
390362,14182
390363,14182
390364,14182
390369,14182
390356,14183
390360,14184
390365,14184
390367,14184
390358,14185
390359,14185
390361,14185
390366,14185
390368,14185
392441,14185
395857,14185
390378,14187
390390,14187
390374,14188
390381,14188
390385,14188
390394,14188
390400,14188
390401,14188
390402,14188
390408,14188
390373,14189
390380,14189
390398,14189
390406,14189
390407,14189
390371,14190
390372,14190
390403,14190
390410,14190
390389,14191
390393,14191
390409,14191
390384,14192
390386,14192
395509,14192
390377,14193
390383,14193
390388,14193
390399,14193
390404,14193
390376,14194
390379,14194
390395,14194
390397,14195
390412,14195
390405,14196
390441,14197
390449,14197
390473,14197
390479,14197
390440,14198
390536,14198
390568,14198
390444,14199
390565,14199
390574,14199
390457,14200
390539,14200
390414,14201
390422,14201
390424,14201
390426,14201
390506,14201
390512,14201
390518,14201
390564,14201
390522,14202
390528,14202
390561,14202
390501,14203
390433,14204
390436,14204
390469,14204
390485,14204
390524,14204
390545,14204
390552,14204
390463,14205
390505,14205
390511,14206
390460,14207
390513,14207
390532,14207
390447,14208
390461,14208
390508,14208
390492,14209
390510,14209
390560,14209
390459,14210
390483,14210
390488,14210
390559,14210
390454,14211
390503,14211
390430,14212
390446,14212
390465,14212
390489,14212
390498,14212
390435,14213
390573,14213
390468,14214
390551,14214
390428,14215
390442,14215
390453,14215
390484,14215
390486,14215
390555,14215
390448,14216
390472,14216
390481,14216
390542,14216
390445,14217
390423,14218
390432,14219
390437,14219
390452,14219
390427,14220
390480,14220
390519,14220
390562,14220
390571,14220
390420,14221
390455,14221
390474,14221
390504,14221
390516,14221
390525,14221
390538,14221
390540,14221
390569,14221
390563,14222
390456,14223
390517,14223
390520,14223
390531,14223
390567,14223
390416,14224
390421,14224
390471,14224
390487,14224
390495,14224
390507,14224
390514,14224
390537,14224
390553,14224
390550,14225
390557,14226
390476,14227
390477,14227
393174,14227
393201,14227
393273,14227
390419,14228
390499,14228
390515,14228
390546,14228
390547,14228
390500,14229
390535,14229
390415,14230
390450,14230
390462,14230
390482,14230
390491,14230
390543,14230
390431,14231
390439,14231
390464,14231
390417,14232
390493,14233
390527,14233
390544,14233
390425,14234
390458,14234
390490,14234
390494,14234
390554,14234
390434,14235
390451,14235
390509,14235
390549,14235
390496,14236
390502,14236
390533,14236
390470,14237
390497,14237
390541,14237
390558,14237
390566,14237
390429,14238
390529,14239
390530,14239
390556,14239
390443,14240
390570,14240
390475,14241
390466,14242
390418,14243
390526,14244
390576,14245
390578,14245
390583,14245
390586,14245
390595,14245
390575,14246
390577,14246
390582,14246
390584,14246
390588,14246
390591,14246
390596,14246
390579,14247
390585,14247
390589,14247
390592,14247
390594,14247
390580,14248
390581,14249
390587,14249
390590,14249
390593,14249
390600,14250
390598,14251
390599,14251
390601,14251
390602,14251
390604,14251
390605,14251
390606,14251
395150,14251
390643,14252
395134,14252
390607,14253
390609,14254
390641,14254
390628,14255
390614,14256
390622,14256
390625,14256
390640,14256
390610,14257
390616,14257
390617,14257
390620,14257
390633,14257
390636,14257
390612,14258
390632,14258
390611,14259
390613,14259
390615,14259
390639,14259
390642,14259
390608,14260
390618,14260
390627,14260
390635,14260
390619,14261
390638,14261
390645,14262
390647,14262
390651,14262
390652,14262
390654,14262
390644,14263
390648,14263
390649,14263
390653,14263
390655,14263
390656,14263
390660,14264
390659,14265
390690,14266
390671,14267
390672,14267
390681,14267
390687,14267
390691,14267
390668,14268
390679,14268
390686,14268
390674,14269
390677,14269
390678,14269
390684,14269
390685,14269
390680,14270
390666,14271
390669,14271
390673,14271
390664,14272
390688,14272
390665,14273
390675,14273
390676,14273
390682,14273
390683,14273
390667,14274
390670,14274
390689,14274
390692,14274
390693,14274
390694,14275
390695,14275
390709,14275
390696,14276
390703,14276
390706,14276
390699,14277
390700,14277
390697,14278
390704,14278
390705,14278
390698,14279
390708,14279
390711,14280
390712,14280
390716,14280
396358,14280
390713,14281
390714,14281
390715,14281
390718,14282
390723,14283
390719,14284
390721,14284
390720,14285
390722,14285
396650,14286
396653,14286
396658,14286
396674,14286
396677,14286
396679,14286
390725,14287
390728,14287
390731,14287
390733,14288
390735,14288
390737,14288
390734,14289
390736,14289
390739,14289
390732,14290
390742,14291
390743,14291
390740,14292
390741,14292
390744,14293
390745,14293
390746,14293
390747,14293
390749,14294
390755,14294
390756,14294
390759,14295
390760,14295
390761,14295
390762,14295
390763,14295
390764,14295
392353,14296
392354,14297
390770,14298
390765,14299
390766,14299
390767,14299
390768,14299
390769,14299
390773,14300
390774,14300
390776,14300
390779,14300
390780,14300
390781,14300
390771,14302
390772,14302
390775,14302
390777,14302
390778,14302
390782,14302
390787,14303
390795,14303
390788,14304
390793,14304
390799,14304
390783,14305
390785,14305
390786,14305
390792,14305
390796,14305
390798,14305
390790,14306
390791,14306
390794,14306
390797,14306
390784,14307
390789,14307
390800,14308
390803,14309
390817,14310
390810,14311
390834,14312
390836,14312
390804,14313
390821,14314
390826,14315
390827,14315
390839,14315
390809,14316
390837,14316
390844,14316
390845,14316
390820,14317
390829,14317
390835,14317
390805,14318
390806,14319
390808,14319
390825,14319
390830,14319
390814,14320
390828,14320
390843,14320
390815,14321
390816,14321
390819,14321
390822,14321
390811,14322
390840,14322
390812,14323
390838,14323
390841,14323
390842,14323
390807,14324
390813,14324
390818,14324
390823,14324
390824,14324
390832,14324
390831,14325
390833,14325
390848,14326
390852,14326
390859,14326
390846,14327
390847,14327
390849,14327
390851,14327
390855,14327
390860,14327
390863,14327
390864,14327
390854,14328
390856,14328
390857,14328
390862,14328
392533,14328
390850,14329
390853,14329
390861,14329
390867,14330
390869,14330
390873,14330
390877,14330
390880,14330
390870,14331
390871,14331
390874,14331
390875,14331
390876,14331
390878,14331
390879,14331
390865,14332
390866,14332
390868,14332
390872,14332
390881,14332
390882,14334
390883,14334
390884,14334
390885,14334
390886,14334
390889,14335
390890,14335
390892,14335
390891,14336
390893,14336
390897,14337
390899,14337
390900,14337
390904,14337
390908,14337
390903,14338
390894,14339
390901,14339
390972,14340
393698,14340
393713,14340
390909,14341
390895,14342
390931,14343
390933,14343
390916,14344
390922,14344
390926,14344
390914,14345
390927,14345
390930,14345
390938,14345
390919,14346
390934,14346
390917,14347
390925,14347
390928,14348
390932,14348
390937,14348
390939,14348
390918,14349
390921,14349
390924,14349
390935,14349
390936,14349
390940,14349
390943,14349
390913,14350
390915,14350
390941,14350
390942,14350
390944,14351
390945,14351
392876,14351
392886,14351
390952,14352
390954,14352
390956,14352
390949,14353
390948,14354
390946,14355
390955,14355
390947,14356
390953,14356
390950,14357
390951,14357
390958,14359
390959,14359
390961,14359
390962,14359
390965,14359
390967,14359
390963,14360
390964,14360
390969,14360
390970,14360
390957,14361
390960,14361
390968,14361
390971,14362
395078,14362
390980,14364
390982,14365
390989,14365
390978,14366
390979,14366
390984,14367
390986,14367
390995,14368
390999,14368
390992,14369
390993,14369
391002,14369
391003,14369
391004,14369
391006,14369
390996,14370
390997,14370
390998,14370
391000,14370
391005,14370
394649,14370
391001,14371
390994,14372
391008,14373
391012,14373
391018,14373
391025,14373
391010,14374
391021,14374
391023,14374
391026,14374
391037,14374
391041,14374
391046,14374
391022,14375
391024,14375
391029,14376
391036,14376
391053,14376
391011,14377
391014,14377
391035,14377
391055,14377
391009,14378
391027,14378
391043,14378
391045,14378
391013,14379
391015,14379
391028,14379
391038,14379
391040,14379
391050,14379
391051,14379
391049,14380
391019,14381
391031,14381
396564,14381
391020,14382
391032,14382
391034,14382
391042,14382
391054,14382
391017,14383
391030,14383
391039,14383
391044,14383
391052,14383
391056,14384
391057,14385
391058,14386
391059,14386
391067,14386
391069,14386
391074,14386
391065,14387
391068,14387
391072,14387
391075,14387
391060,14388
391061,14389
391063,14389
391070,14389
391078,14389
391062,14390
391064,14390
391066,14390
391071,14390
391073,14390
391076,14390
391077,14390
391080,14391
391091,14391
391092,14391
391096,14392
391098,14392
391113,14392
391079,14393
391085,14393
391097,14393
391107,14393
391119,14393
391082,14394
391093,14394
391099,14394
391110,14394
391111,14395
391114,14395
391115,14395
391081,14396
391087,14396
391102,14396
391116,14396
391094,14397
391106,14397
391109,14397
391121,14397
391088,14398
391089,14399
391100,14399
391101,14399
391105,14399
391108,14399
391086,14400
391095,14400
391103,14400
391104,14400
391112,14400
391117,14400
391084,14401
391090,14401
391118,14401
391120,14401
391125,14402
391127,14402
391128,14402
391130,14402
391131,14402
391132,14402
391122,14404
391123,14404
391124,14404
391126,14404
391129,14406
391133,14406
391135,14407
391136,14407
391137,14407
391141,14407
391138,14408
391139,14408
391140,14408
391142,14408
391143,14408
391144,14408
391145,14409
391149,14409
391152,14409
391156,14409
391157,14409
391158,14409
391160,14409
391150,14410
391153,14410
391154,14410
391146,14411
391147,14411
391148,14411
391151,14411
391155,14411
391159,14411
391161,14411
391164,14412
391163,14413
391162,14414
391165,14415
391167,14415
391171,14415
391176,14415
391177,14415
391168,14416
391172,14416
391175,14416
391181,14416
391184,14416
391173,14417
391166,14418
391169,14418
391170,14418
391178,14418
391179,14418
391182,14418
391174,14419
391183,14419
391180,14420
391185,14421
391187,14422
391190,14422
391191,14422
391193,14422
391195,14422
391186,14423
391188,14423
391189,14423
391192,14423
391194,14423
391196,14423
391197,14423
391200,14424
391199,14425
391201,14426
391202,14427
391203,14427
391204,14427
391205,14427
391206,14427
391212,14428
391213,14428
391216,14428
391222,14428
391223,14428
391217,14429
391218,14429
391220,14429
391219,14430
391224,14430
391208,14431
391207,14432
391209,14432
391221,14432
391210,14433
391211,14433
391214,14433
391215,14433
391235,14435
391231,14436
391233,14436
391225,14437
391226,14437
391227,14437
391232,14437
391234,14437
391230,14438
395562,14438
391239,14439
391240,14439
391241,14439
391243,14439
391242,14440
391244,14440
391245,14440
391251,14441
391262,14441
391264,14441
391269,14441
391281,14441
391250,14442
391255,14442
391261,14442
391282,14442
391294,14442
391311,14442
391254,14443
391278,14443
391285,14443
391306,14443
391248,14444
391315,14444
391277,14445
391310,14445
391252,14446
391283,14446
391298,14446
391299,14446
391275,14447
393157,14447
396734,14447
391253,14448
391271,14448
391293,14448
391303,14448
391304,14448
391314,14448
391316,14448
391317,14448
391318,14448
391257,14449
391288,14449
391295,14449
391300,14449
391263,14450
391280,14450
391290,14450
391260,14451
391268,14451
391272,14451
391276,14451
391279,14451
391291,14451
391296,14451
391301,14451
391308,14451
391313,14451
391266,14452
391286,14452
391247,14453
391270,14454
391289,14454
391302,14454
391246,14455
391259,14455
391273,14455
391274,14455
391284,14455
391292,14455
391258,14456
391265,14456
391267,14456
391297,14456
391307,14456
391249,14457
391305,14457
391312,14457
391309,14458
391256,14460
391287,14460
394174,14460
394176,14460
394178,14460
394183,14460
394189,14460
394193,14460
391325,14461
391330,14461
391319,14462
391320,14462
391322,14462
391326,14462
391331,14462
391333,14462
391343,14462
391321,14463
391323,14463
391332,14463
391335,14463
391337,14463
391338,14463
391340,14463
391342,14463
391327,14464
391339,14464
391324,14465
391328,14465
391336,14465
391341,14465
391347,14466
391352,14466
391344,14467
391345,14467
391348,14467
391353,14467
391354,14467
391355,14467
391350,14468
391357,14468
391351,14469
391349,14470
391356,14470
391358,14471
391346,14472
391372,14473
393920,14473
393939,14473
391361,14474
391363,14474
391365,14474
391376,14474
391362,14475
391369,14475
391379,14475
391364,14476
391375,14476
391383,14476
393900,14477
393918,14477
393923,14477
393947,14477
394153,14477
391366,14478
396522,14478
396525,14478
396528,14478
396530,14478
391381,14479
391386,14482
391387,14482
391390,14482
391391,14482
391392,14482
392955,14482
391394,14483
391388,14484
391389,14484
391393,14484
391396,14485
391399,14485
391400,14485
391402,14485
391405,14485
391406,14485
391407,14485
391395,14486
391401,14486
391404,14487
391408,14487
391397,14488
391398,14488
391403,14489
391449,14489
391409,14490
391412,14491
391415,14491
391416,14491
391417,14491
391420,14491
391421,14491
396574,14491
391422,14492
391425,14492
391428,14492
391410,14493
391418,14493
391419,14493
391423,14494
391429,14494
391411,14495
391413,14495
391414,14495
391424,14495
391426,14495
391435,14496
391432,14498
391433,14498
391437,14498
391430,14499
391431,14500
391434,14500
391436,14500
391438,14500
391439,14500
391442,14501
391443,14501
391445,14501
391441,14502
391444,14502
391446,14502
391447,14502
391448,14502
391454,14503
391457,14503
391452,14504
391455,14504
391451,14505
391453,14505
391456,14505
391468,14506
391470,14506
391474,14506
391481,14506
391462,14507
391483,14507
391478,14508
391485,14509
391472,14510
391486,14510
391475,14511
391476,14511
391482,14511
391469,14512
396072,14512
391464,14513
391465,14513
391466,14513
391473,14513
391484,14513
391487,14513
391488,14513
391463,14514
391477,14514
391490,14516
391494,14516
391495,14516
391496,14516
391498,14516
391503,14516
391506,14517
391507,14518
391489,14519
391493,14519
391499,14519
391501,14519
391502,14519
391508,14519
391491,14520
391497,14520
391504,14520
391512,14521
391513,14522
391515,14522
391518,14522
391519,14523
391510,14524
391511,14524
391516,14524
391520,14524
391521,14525
391545,14525
391522,14526
391555,14526
391534,14527
391539,14527
391542,14527
391543,14527
391549,14527
394324,14527
394360,14527
394468,14527
391544,14528
391525,14529
391531,14530
391535,14530
391546,14530
391527,14531
391523,14532
391550,14532
391524,14533
391530,14533
391548,14533
391540,14534
391526,14535
391529,14535
391536,14535
391537,14535
391538,14535
391554,14535
394691,14535
394697,14535
391532,14536
391547,14536
391528,14537
391541,14537
391552,14537
391553,14537
391551,14538
391559,14539
391568,14540
391558,14541
391560,14541
391561,14541
391564,14541
391565,14541
391566,14542
391557,14543
391563,14543
391556,14544
391562,14544
391567,14544
391569,14544
391574,14545
391625,14545
391576,14546
391600,14546
391619,14546
391588,14547
391618,14547
391626,14547
391571,14548
391606,14549
391590,14550
391599,14550
391615,14550
391632,14550
391633,14550
391635,14550
393037,14550
391631,14551
391580,14552
391582,14552
391595,14552
391604,14552
391612,14552
391627,14552
391629,14552
391572,14553
391573,14553
391608,14553
391570,14554
391596,14554
391602,14554
391605,14554
391613,14554
391622,14554
391598,14555
391624,14555
391617,14556
391586,14557
391591,14557
391593,14557
391607,14557
391616,14557
391584,14558
391614,14558
391621,14558
391630,14558
391575,14559
391594,14559
391620,14559
391592,14560
391579,14561
391585,14561
391587,14561
391609,14561
391597,14562
391628,14562
391581,14563
391583,14563
391589,14563
391601,14563
391603,14563
391634,14563
391577,14564
391611,14565
391623,14565
391578,14566
391610,14566
391638,14567
391651,14567
391637,14568
391654,14568
391655,14568
391661,14568
391665,14568
391667,14568
391659,14569
391668,14569
391642,14570
391663,14570
391636,14571
391640,14571
391644,14571
391645,14571
391646,14571
391657,14571
391660,14571
391662,14571
391666,14571
391641,14572
391648,14572
391650,14572
391664,14572
391643,14573
391653,14573
391656,14573
391658,14573
391639,14574
391649,14574
391647,14575
391671,14576
391674,14576
391678,14576
391680,14576
391685,14576
391686,14576
391690,14576
391682,14577
391684,14577
391688,14577
391670,14578
391673,14578
391693,14578
391669,14579
391672,14579
391681,14580
391683,14580
391691,14580
393194,14580
393269,14580
391694,14581
391696,14581
391698,14581
391697,14582
391700,14583
391708,14583
391712,14583
391713,14583
391716,14583
391705,14584
391703,14585
391714,14586
391704,14587
391711,14588
391706,14589
391719,14589
391699,14590
391707,14590
391715,14590
391710,14591
391717,14591
391718,14591
391721,14591
391701,14592
391702,14592
391709,14592
391734,14593
391737,14593
391740,14593
391747,14593
391753,14593
391754,14593
391745,14594
391756,14594
391722,14595
391739,14595
391749,14595
391751,14595
391755,14595
391761,14595
391735,14596
391736,14596
391744,14596
391746,14596
391750,14598
391748,14599
391752,14599
391760,14599
395274,14599
396708,14599
391727,14600
391733,14600
391738,14600
391742,14600
391743,14600
391757,14600
391728,14601
391729,14601
391731,14603
391723,14604
391730,14604
391741,14604
391759,14604
391774,14605
391775,14605
391768,14606
391773,14606
391764,14608
391770,14608
391766,14609
391771,14609
391777,14610
391778,14610
391781,14610
391782,14610
391783,14610
391784,14610
391779,14611
391780,14611
395507,14612
395515,14612
395841,14612
395854,14612
396026,14612
396074,14612
396160,14612
396220,14612
391788,14613
391790,14613
391793,14614
391794,14614
391786,14615
391787,14615
391789,14615
391792,14615
391795,14615
391796,14615
391797,14615
391802,14616
391812,14617
391813,14617
391817,14617
391818,14617
391819,14617
391807,14619
391811,14619
391800,14620
391804,14620
391805,14620
391808,14620
391809,14620
391815,14620
391821,14620
391824,14620
391799,14621
391801,14621
391803,14621
391810,14621
391814,14621
391816,14621
391820,14621
391822,14621
391838,14622
391841,14622
391846,14622
391859,14622
391860,14622
391836,14623
391844,14623
391862,14623
391833,14624
391834,14624
391842,14624
391847,14624
391830,14625
391832,14625
391840,14625
391854,14625
391857,14625
391863,14625
391825,14626
391828,14626
391849,14626
391865,14626
391837,14627
391839,14627
391843,14627
391845,14627
391848,14627
391850,14627
391851,14627
391864,14627
391826,14628
391827,14628
391835,14628
391855,14629
391856,14629
391858,14629
391829,14630
391831,14630
391852,14630
391853,14630
391861,14630
391868,14631
391870,14631
391879,14631
391880,14631
391866,14632
391871,14632
391872,14632
391874,14632
391878,14632
391883,14632
391869,14633
391873,14633
391881,14633
391867,14634
391875,14634
391876,14635
391877,14635
391882,14635
391885,14636
391910,14637
391932,14637
391933,14637
391891,14638
391898,14639
391919,14639
391926,14639
391899,14640
391908,14640
391909,14640
391911,14640
391912,14640
391918,14640
391920,14640
391923,14640
391938,14640
391887,14641
391893,14641
394767,14641
395455,14641
391892,14642
391916,14642
391924,14642
391884,14643
391886,14643
391895,14643
391917,14643
391934,14643
391905,14644
391914,14644
391922,14644
391936,14644
391937,14644
395448,14644
391888,14645
391907,14645
391901,14646
391903,14646
391935,14647
391889,14648
391902,14648
391906,14648
391928,14648
391894,14649
391900,14649
391915,14649
391939,14649
395538,14649
391890,14650
391904,14650
391913,14650
391927,14650
395726,14650
396250,14650
391897,14651
391921,14651
391929,14651
391930,14651
391931,14651
391896,14652
391925,14652
392190,14653
392031,14654
396334,14654
391945,14655
392007,14655
391956,14656
391961,14657
392065,14657
391958,14658
392053,14658
392066,14658
392200,14658
392102,14659
393999,14659
394013,14659
392206,14660
392219,14660
391942,14662
392193,14662
392205,14662
392004,14663
392015,14663
392055,14663
392059,14663
392101,14663
392136,14663
391947,14664
392116,14664
392023,14665
392207,14665
391981,14666
392022,14666
392028,14666
392216,14666
391946,14667
391980,14667
392029,14667
392079,14667
392169,14667
391952,14668
391983,14668
392016,14668
392073,14668
392075,14668
392158,14668
392145,14669
392069,14670
392072,14670
392185,14670
392212,14670
392217,14670
392048,14671
392076,14671
392088,14671
392177,14671
392049,14672
392111,14672
392154,14672
392047,14673
392149,14673
392161,14673
392218,14673
392005,14675
392119,14675
392159,14675
391994,14676
392114,14676
392146,14676
392153,14676
392164,14676
392182,14676
391974,14677
391975,14677
392038,14677
392062,14677
392070,14677
392162,14677
391968,14678
391977,14678
392039,14678
392109,14678
392180,14678
391988,14679
391991,14679
392124,14679
392133,14679
392093,14680
392125,14680
392176,14680
392152,14681
392086,14682
392090,14682
392155,14682
392196,14682
391950,14683
391982,14683
392002,14683
392024,14683
392064,14683
392081,14683
392096,14683
392126,14683
391966,14684
392097,14684
392170,14684
392201,14684
393514,14684
391962,14685
391972,14686
392186,14686
392061,14687
392174,14687
392199,14687
391984,14688
392220,14689
391967,14690
392115,14690
392195,14691
392223,14691
391955,14692
392113,14692
392139,14692
392173,14692
392191,14692
392226,14692
391943,14693
391971,14694
391986,14694
392034,14694
392087,14694
392224,14694
392045,14695
392077,14695
392106,14695
392117,14695
392172,14695
392203,14695
391948,14696
392019,14696
392036,14696
392078,14696
391941,14697
392041,14697
391957,14698
391960,14698
392058,14698
392098,14698
392198,14698
392110,14699
392122,14699
392167,14699
392194,14699
392052,14700
392163,14700
392143,14701
396169,14701
391959,14702
391989,14702
391993,14702
391998,14702
392215,14702
391973,14703
391979,14703
392030,14703
392067,14703
392107,14703
392128,14703
392140,14703
392160,14703
391940,14704
391953,14704
391992,14704
392037,14704
392040,14704
392056,14704
392168,14704
392014,14705
392033,14705
392042,14705
392043,14705
392085,14705
392094,14705
392147,14705
391996,14706
392123,14706
395928,14706
396137,14706
392151,14707
391954,14708
392121,14708
392129,14708
392208,14708
391978,14709
392225,14709
391951,14710
391976,14710
392027,14710
392083,14711
392017,14712
392044,14712
392054,14712
392183,14712
392188,14712
392103,14713
392165,14713
391963,14714
392187,14714
392018,14715
392063,14715
392068,14715
392100,14715
392118,14715
392142,14715
392166,14715
392222,14715
391997,14716
391999,14716
392130,14716
392156,14716
392192,14716
392006,14717
392008,14717
392021,14717
392171,14717
392202,14717
392035,14718
392120,14718
391964,14719
392000,14719
392104,14719
392127,14719
392178,14719
392179,14719
392003,14720
392026,14720
392050,14720
392105,14720
392213,14720
392012,14721
392046,14721
392060,14721
392137,14721
391970,14722
392082,14722
392092,14722
392184,14722
392210,14722
392214,14723
391987,14724
392181,14724
392108,14725
392150,14725
391969,14726
392001,14726
392020,14726
392197,14726
392134,14727
392204,14727
392057,14728
392074,14728
392148,14728
392157,14728
392209,14728
392089,14729
392095,14729
392189,14729
391995,14730
392010,14730
392013,14730
392135,14730
392141,14730
392132,14731
392032,14732
392131,14732
392175,14732
391985,14733
392011,14733
392071,14733
392084,14733
392211,14733
392230,14734
392242,14734
392232,14735
392233,14735
392240,14735
392246,14735
392237,14736
392227,14737
392238,14737
392245,14737
392229,14738
392239,14739
392241,14739
392243,14739
392249,14739
392247,14740
392234,14741
392248,14741
392259,14742
392260,14743
392252,14744
392253,14744
392255,14744
392257,14744
392261,14744
392265,14744
392251,14745
392263,14745
392250,14746
392254,14746
392256,14746
392264,14746
392258,14747
392262,14748
392266,14749
392267,14750
392268,14751
392273,14751
392274,14751
392280,14751
392270,14752
392276,14752
392284,14752
392283,14753
392282,14754
392269,14755
392271,14755
392275,14755
392278,14755
392279,14755
392281,14755
392272,14756
392277,14757
392292,14758
392299,14758
392340,14758
396342,14758
396383,14758
392290,14759
392305,14759
392307,14759
392332,14759
392295,14760
392312,14760
392318,14760
392343,14760
392287,14761
392302,14761
392310,14761
392311,14761
392329,14761
392331,14761
392337,14761
392338,14761
392289,14762
392304,14762
392309,14762
392325,14762
392327,14762
392336,14762
392291,14763
392342,14763
392285,14764
392294,14764
392298,14764
392326,14764
392297,14765
392306,14765
392308,14765
392319,14765
392324,14765
392339,14765
392322,14766
392323,14766
392296,14767
392300,14767
392333,14767
392341,14767
396308,14767
392303,14768
392328,14768
392288,14769
392313,14769
392317,14769
392320,14769
396370,14769
392286,14770
392293,14770
392301,14770
392314,14770
392315,14770
392316,14770
392321,14770
392330,14770
392334,14770
392335,14770
392345,14771
392346,14771
392355,14771
392344,14772
392349,14772
392351,14772
392352,14772
392356,14772
392347,14773
392348,14773
392350,14773
392357,14773
392361,14774
392358,14775
392359,14775
392360,14775
392362,14775
392363,14775
392364,14776
392366,14776
392368,14776
392365,14777
392367,14778
392369,14778
392379,14779
392388,14779
392395,14779
392640,14779
392372,14780
392383,14780
392390,14780
392371,14781
392377,14781
392386,14781
392387,14781
392389,14782
392374,14783
392378,14783
392382,14783
392384,14783
392393,14783
392375,14784
392381,14784
392391,14784
392392,14784
392394,14784
392373,14785
392396,14785
392397,14785
392398,14785
392376,14786
392380,14786
392385,14786
392400,14787
392404,14787
392403,14788
392406,14788
392399,14789
392401,14789
392402,14789
392405,14789
392414,14790
392409,14791
392417,14792
392407,14793
392415,14793
392408,14794
392413,14794
392419,14795
392411,14796
392418,14796
392410,14797
392412,14797
392416,14797
392425,14798
392420,14799
392422,14799
392427,14799
392428,14799
392429,14799
392426,14800
392421,14801
392423,14801
392424,14801
392430,14801
394167,14802
394169,14802
394170,14802
392435,14803
392438,14804
392431,14805
392432,14805
392433,14805
392434,14805
392436,14805
392437,14805
392440,14805
392439,14806
392448,14807
392452,14807
392454,14807
392446,14808
392445,14809
392453,14809
392444,14810
392449,14810
392442,14811
392443,14811
392447,14811
392451,14811
392455,14811
392456,14811
392450,14812
392464,14813
392457,14814
392458,14814
392469,14814
392477,14814
392461,14815
392467,14815
392476,14815
392462,14816
392474,14816
392466,14817
392468,14817
392470,14817
392472,14817
392463,14818
392471,14818
392459,14819
392465,14819
392475,14819
392478,14819
392460,14820
392473,14820
396458,14820
392500,14821
392479,14822
392481,14822
392485,14822
392497,14822
392498,14822
392492,14823
392486,14824
392489,14825
392496,14826
392499,14827
392505,14827
392507,14827
392504,14828
392506,14828
392484,14829
392490,14829
392502,14829
392503,14829
392487,14830
392491,14830
392494,14830
392501,14830
392480,14831
392482,14831
392483,14831
392493,14831
392495,14831
392508,14831
392488,14832
392510,14833
392512,14833
392513,14833
392514,14833
392509,14834
392511,14834
392515,14834
392516,14834
392517,14835
392518,14836
392519,14836
392520,14836
392524,14837
392527,14837
392521,14838
392529,14838
392530,14838
392531,14838
392532,14838
392522,14839
392523,14839
392525,14839
392526,14839
392528,14839
392535,14840
392543,14840
392548,14840
392536,14841
392537,14841
392540,14841
392542,14841
392546,14841
392550,14841
392547,14842
392549,14842
392539,14843
392541,14843
392545,14843
392551,14843
394645,14843
394908,14843
394918,14843
392534,14844
392538,14844
392544,14844
392552,14845
392557,14845
392560,14845
392554,14846
392558,14846
392559,14846
392561,14846
392553,14847
392555,14847
392556,14847
392562,14848
392564,14848
392566,14848
392567,14848
392569,14848
392563,14850
392565,14850
392570,14852
392571,14852
392574,14854
392575,14854
392576,14854
392577,14854
392581,14854
392573,14855
392578,14855
392580,14855
392586,14856
392601,14856
392583,14858
392588,14858
392589,14858
392597,14858
392599,14858
392602,14858
392585,14859
392596,14859
392584,14860
392593,14860
392594,14860
392600,14860
392582,14861
392590,14861
392592,14861
392598,14861
392604,14861
392587,14862
392591,14862
392595,14862
392603,14862
392605,14862
392612,14863
392614,14864
392607,14865
392613,14865
392615,14865
392616,14865
397028,14865
392606,14866
392608,14866
392609,14866
392611,14866
392617,14867
392618,14867
392627,14867
392639,14867
392621,14868
392631,14868
392635,14868
396718,14868
392622,14869
392624,14869
392629,14869
392633,14869
392636,14869
392637,14869
392641,14869
392626,14871
392630,14871
392634,14871
392619,14872
392623,14872
392625,14872
392628,14872
392632,14872
392620,14873
392638,14873
392647,14874
392642,14875
392644,14875
392646,14875
395982,14875
392645,14877
392648,14878
392649,14878
392650,14878
392651,14878
392652,14878
392653,14878
392654,14878
392655,14878
392657,14879
392658,14879
392659,14879
395398,14879
392656,14880
392660,14880
392661,14880
392662,14881
392664,14881
392666,14881
392668,14881
392671,14881
392663,14882
392665,14882
392667,14882
392669,14882
392670,14882
392672,14882
392673,14882
392692,14883
392676,14884
392677,14884
392687,14884
392680,14885
392681,14885
392684,14885
392691,14885
392674,14886
392675,14886
392678,14886
392679,14886
392683,14886
392685,14886
392690,14886
392693,14886
392695,14886
392682,14887
392686,14887
392688,14887
392689,14887
392694,14887
392706,14888
392709,14888
392726,14888
392699,14889
392702,14889
392704,14889
392712,14889
392715,14889
392716,14889
392723,14889
392713,14890
392718,14890
392719,14890
392725,14890
392708,14891
392710,14891
392717,14891
392696,14892
392700,14892
392703,14892
392711,14892
392721,14892
392698,14893
392701,14893
392705,14893
392707,14893
392720,14893
392697,14894
392714,14894
392722,14894
392724,14894
392729,14896
392727,14897
392728,14897
392730,14897
392745,14898
392749,14898
394108,14899
394114,14899
394116,14899
394117,14899
394122,14899
394124,14899
392731,14900
392734,14900
392738,14900
392743,14900
392750,14900
392757,14900
392752,14901
392733,14902
392735,14902
392736,14902
392739,14902
392742,14902
392744,14902
392746,14902
392754,14902
392751,14903
392756,14903
392732,14904
392737,14904
392740,14905
392741,14905
392748,14905
392753,14905
392755,14905
392759,14906
392760,14906
392766,14906
392771,14906
392761,14907
392762,14907
392763,14907
392768,14907
392770,14907
392758,14908
392764,14908
392765,14908
392767,14908
392769,14908
392775,14908
392772,14909
392773,14909
392774,14909
392777,14910
392778,14910
392779,14910
392776,14911
392791,14912
392782,14913
392784,14913
392785,14913
392786,14913
392787,14913
392792,14913
392795,14913
392783,14914
392789,14914
392798,14914
392799,14914
392781,14915
392793,14915
392803,14915
392794,14916
392797,14916
392801,14916
392804,14917
392805,14918
392806,14919
392807,14919
392808,14919
392809,14919
392810,14919
392811,14920
392818,14920
392824,14920
392829,14920
392833,14920
392834,14920
392814,14921
392820,14922
392821,14922
392823,14922
392830,14922
392825,14923
392827,14923
392832,14923
392812,14924
392815,14924
392817,14924
392819,14924
392828,14924
392835,14924
392813,14926
392816,14926
392822,14926
392826,14926
392831,14926
392855,14928
392859,14928
392860,14928
392844,14929
392845,14929
392854,14929
392858,14929
392838,14930
392837,14931
392836,14932
392856,14932
392840,14933
392843,14933
392846,14933
392847,14933
392851,14933
392852,14933
392853,14933
392857,14933
392861,14933
392842,14934
392848,14934
392849,14934
392850,14934
392839,14935
392862,14935
392863,14935
392841,14936
392920,14937
392872,14938
392874,14938
392875,14938
392879,14938
392873,14939
392878,14939
392883,14939
392870,14940
392866,14941
392868,14941
392877,14941
392884,14941
392889,14941
392867,14942
392885,14942
392887,14943
392888,14944
392864,14945
392869,14945
392871,14945
392881,14945
392891,14947
392892,14947
392893,14947
392894,14947
392897,14949
392899,14949
392901,14949
392904,14949
392896,14951
392898,14951
392900,14951
392902,14951
392903,14951
392914,14952
392915,14952
392909,14953
392911,14953
392912,14953
392919,14953
392905,14954
392906,14954
392908,14954
392917,14954
392907,14956
392910,14956
392913,14956
392916,14956
392918,14956
392921,14958
392922,14958
392923,14958
392924,14958
392925,14958
392926,14958
392933,14959
392959,14959
392966,14959
392928,14960
392942,14960
392944,14960
392945,14960
392964,14960
392950,14961
392956,14961
392967,14962
392969,14962
392932,14963
392970,14964
392937,14965
392938,14965
392952,14965
392958,14965
392931,14966
392946,14966
392953,14966
392929,14967
392936,14967
392939,14967
392940,14967
392968,14967
392962,14968
392927,14969
392951,14969
392963,14969
392935,14971
392949,14971
392957,14971
392960,14971
392971,14971
392930,14972
392934,14972
392948,14972
392954,14972
392961,14972
392941,14973
392943,14973
392947,14973
392965,14973
392982,14974
393039,14974
393065,14974
393111,14974
394432,14974
393000,14975
393063,14975
393115,14975
393116,14975
392972,14976
393031,14976
393084,14976
393094,14976
393011,14977
393016,14977
393057,14977
393061,14977
393095,14977
393046,14978
393064,14978
393072,14978
393010,14979
393049,14979
393081,14979
393100,14979
394451,14979
393030,14980
393043,14980
393082,14980
393090,14980
393103,14980
392977,14981
393008,14981
393020,14981
393035,14981
393067,14981
393071,14981
393092,14982
393114,14982
393006,14983
393051,14983
393054,14983
393105,14983
392999,14984
393012,14984
393022,14984
393045,14984
393069,14984
393073,14984
393102,14984
393034,14985
393060,14985
393070,14985
393077,14985
393059,14986
393056,14987
394772,14987
392985,14988
392997,14988
393005,14988
393047,14988
393055,14988
393058,14988
393099,14989
395661,14989
393018,14990
393028,14990
393074,14990
393021,14991
393032,14991
396481,14991
392976,14992
392992,14992
392998,14992
393091,14992
393085,14993
393087,14993
393044,14994
393112,14994
393015,14995
393096,14995
393009,14996
393024,14996
393026,14996
393062,14996
392975,14997
392993,14997
394659,14997
392989,14998
392990,14998
393004,14998
393033,14998
393053,14998
393110,14998
392979,14999
392987,14999
392996,14999
393003,14999
393014,14999
393066,14999
393093,14999
392988,15000
393017,15000
393068,15000
393027,15001
393040,15001
393048,15001
393052,15001
393079,15001
393113,15001
392980,15002
393007,15002
393107,15002
392974,15003
393002,15003
393080,15003
393109,15003
393023,15004
393098,15004
393001,15005
393013,15005
393029,15005
393050,15005
393083,15005
393106,15005
393117,15005
396113,15005
392983,15006
393075,15007
392978,15008
392984,15008
392986,15008
393041,15008
393076,15008
393118,15008
393019,15009
393038,15009
393078,15009
393088,15009
393101,15009
396131,15009
392973,15010
392994,15010
393025,15010
393042,15010
393143,15011
393154,15011
393122,15012
393148,15012
394973,15012
393133,15013
393125,15014
393146,15014
393135,15015
393137,15015
393139,15015
393142,15015
393156,15015
393126,15016
393136,15016
393138,15016
393147,15016
393119,15017
393121,15017
393123,15017
393127,15017
393134,15017
393149,15017
393150,15017
393140,15018
393145,15018
393124,15019
393141,15019
393144,15019
393155,15019
393130,15020
393131,15020
393152,15021
393132,15022
393151,15022
393120,15023
393128,15024
393153,15025
393158,15027
393159,15027
393160,15027
393161,15027
393163,15028
393167,15028
393162,15029
393164,15029
393165,15029
393166,15029
393179,15031
393215,15031
393298,15031
393278,15032
393291,15032
393255,15033
393188,15034
393234,15034
393287,15034
393250,15035
393285,15035
393228,15036
393252,15036
393246,15037
393192,15038
393275,15038
393283,15038
393170,15040
393213,15041
393187,15042
393231,15042
393266,15042
393272,15042
393284,15042
393259,15043
393202,15044
393216,15044
393230,15044
393264,15044
393265,15045
393220,15046
393225,15046
393236,15046
393180,15047
393244,15047
393277,15047
393281,15047
393243,15048
393296,15049
393171,15050
393204,15050
393219,15050
393303,15050
393262,15051
393274,15051
393276,15051
393288,15051
393300,15051
393199,15052
393268,15052
393175,15053
393182,15053
393198,15053
393209,15053
393238,15053
393263,15053
393282,15053
393212,15054
393280,15054
393183,15055
393176,15056
393233,15056
393242,15056
393248,15056
393217,15057
393203,15058
393305,15058
393186,15059
393237,15060
393168,15061
393178,15061
393181,15061
393224,15061
393256,15061
393172,15062
393226,15062
393254,15062
393257,15062
393258,15062
393290,15062
393294,15062
393223,15063
393229,15063
393253,15063
393297,15063
393302,15063
393196,15064
393205,15064
393271,15064
393207,15065
393245,15065
393293,15065
393185,15066
393240,15066
393177,15067
393189,15067
393195,15067
393211,15067
393235,15067
393249,15067
393190,15068
393218,15068
393251,15068
393260,15068
393286,15068
393279,15069
393289,15069
393197,15070
393221,15071
393222,15071
393292,15071
393295,15071
393299,15071
393193,15072
393208,15072
393270,15073
393200,15074
393239,15074
393227,15075
393210,15076
393169,15077
393232,15077
393247,15077
393261,15077
393206,15078
395792,15078
393310,15079
393307,15080
393308,15080
393309,15080
393311,15082
393312,15082
393313,15082
393314,15082
393315,15082
393316,15082
393317,15082
393318,15083
393320,15083
393319,15084
393324,15085
393327,15085
393329,15087
393331,15087
393338,15089
393322,15090
393325,15090
393328,15090
393333,15090
393336,15090
393501,15090
393321,15092
393323,15092
393326,15092
393330,15092
393332,15092
393334,15092
393335,15092
393337,15092
393341,15093
393346,15093
393348,15094
393342,15095
393349,15095
393340,15096
393339,15097
393343,15097
393347,15097
393344,15098
393345,15098
393350,15098
393358,15099
393359,15099
393355,15100
393353,15101
393356,15101
393361,15101
393351,15102
393352,15102
393360,15102
393362,15102
393363,15102
393364,15102
393354,15103
393357,15103
393365,15104
393367,15104
393368,15104
393371,15104
393375,15104
393376,15105
393373,15106
393374,15106
394661,15106
393369,15107
393366,15108
393370,15108
393372,15108
393377,15108
393397,15109
393398,15109
393380,15110
393389,15110
393402,15110
393388,15111
393403,15111
393378,15112
393384,15112
393401,15112
393404,15112
393390,15113
393394,15113
393379,15114
393385,15114
393393,15114
393387,15115
393392,15115
393395,15115
393381,15116
393386,15116
393396,15117
393382,15118
393383,15118
393391,15118
393399,15118
393400,15118
393405,15119
393410,15119
393411,15119
393412,15119
393408,15124
393414,15125
393406,15126
393409,15126
393413,15126
393415,15126
393432,15127
393433,15127
393435,15127
393442,15127
393444,15127
393445,15127
393416,15128
393421,15129
393426,15129
393427,15129
393420,15130
393425,15130
393429,15130
393431,15130
393418,15131
393443,15131
393422,15133
393428,15133
393430,15133
393436,15133
393440,15133
393423,15134
393438,15134
393419,15136
393424,15136
393434,15136
393437,15136
393441,15136
393417,15137
393439,15139
393448,15140
393449,15140
393450,15140
393452,15140
393446,15142
393447,15142
393451,15142
393455,15143
393462,15143
393467,15143
393468,15143
393471,15143
393453,15144
393456,15144
393457,15144
393459,15144
393463,15144
393464,15144
393465,15144
393466,15144
393454,15145
393461,15145
393458,15146
393460,15146
393469,15146
393470,15146
393475,15147
393481,15147
393472,15148
393473,15148
393474,15148
393476,15148
393477,15148
393478,15148
393479,15148
393480,15148
393482,15148
393483,15148
393484,15149
393485,15149
393489,15149
393486,15150
393487,15150
393488,15150
393490,15150
393492,15151
393495,15151
393497,15151
393491,15152
393493,15152
393494,15152
393496,15152
393498,15152
393499,15152
393500,15152
393504,15153
393511,15153
393502,15154
393503,15154
393505,15154
393508,15154
393506,15155
393507,15155
393509,15155
393510,15155
393512,15156
393513,15156
393515,15156
393516,15156
393517,15156
393543,15159
393526,15160
393527,15160
393533,15160
393536,15160
393540,15160
393518,15161
393519,15161
393520,15161
393528,15161
393532,15161
393539,15161
393534,15162
393521,15163
393525,15163
393530,15163
393531,15163
393537,15163
393542,15163
393529,15164
393535,15164
393538,15164
393523,15165
393522,15166
393541,15166
393524,15167
393544,15169
393545,15169
393546,15169
393547,15169
393548,15169
393551,15170
393554,15170
393552,15171
393553,15171
393555,15171
393549,15172
393558,15173
393561,15173
393562,15173
393566,15173
393569,15173
393565,15174
393567,15174
393571,15174
393557,15175
393559,15175
393560,15175
393564,15175
393568,15175
393570,15175
393556,15176
393563,15177
393573,15178
393572,15179
393574,15179
393575,15179
393576,15179
393577,15179
393578,15179
393581,15183
393587,15183
393590,15183
393593,15183
393594,15183
393586,15184
393596,15184
393597,15184
393583,15185
393582,15186
393584,15186
393580,15187
393585,15187
393588,15187
393589,15187
393591,15187
393592,15187
393595,15187
393598,15188
393599,15188
393600,15188
393601,15188
393602,15188
393603,15188
393604,15188
393605,15189
393606,15189
393607,15189
393608,15189
393609,15189
393613,15190
393616,15190
393619,15190
393610,15191
393611,15191
393615,15191
393617,15191
393612,15192
393614,15192
393620,15192
393625,15193
393633,15193
393655,15193
393656,15193
393627,15194
393640,15194
393642,15194
393644,15194
393645,15194
393654,15194
393621,15195
393632,15195
393637,15195
393639,15195
393651,15195
393658,15195
393624,15196
393631,15196
393634,15196
393641,15196
393648,15196
393635,15197
393652,15197
393646,15198
393653,15198
393626,15199
393647,15199
393623,15200
393629,15200
393630,15200
393636,15200
393638,15200
393643,15200
393649,15200
393628,15201
393650,15201
393657,15201
393659,15201
393622,15202
393662,15203
393669,15203
393673,15203
393678,15203
393664,15204
393665,15204
393674,15204
393676,15204
393660,15205
393661,15205
393663,15205
393666,15205
393671,15205
393677,15205
393668,15206
393672,15206
393667,15207
393670,15207
393675,15207
393679,15207
393680,15208
393684,15210
393689,15212
393681,15213
393685,15213
393686,15213
393688,15213
393690,15213
393682,15214
393683,15214
393687,15214
393691,15214
393696,15215
393702,15215
393716,15215
393695,15216
393701,15216
393709,15216
393718,15216
393734,15216
393694,15217
393710,15217
393715,15217
393721,15217
393725,15217
393727,15217
393693,15218
393705,15218
393706,15218
393720,15218
393722,15218
393723,15218
393728,15218
393712,15219
393714,15219
393719,15219
393726,15219
393732,15219
393711,15220
393692,15221
393707,15222
393724,15222
393697,15223
393700,15223
393703,15223
393729,15223
393730,15223
393731,15223
393733,15223
393736,15224
393737,15224
393738,15224
393745,15226
393752,15226
393756,15226
393770,15226
393750,15227
393753,15228
394331,15228
394339,15228
394348,15228
394506,15228
393739,15229
393751,15229
393765,15229
393768,15229
393772,15229
393740,15230
393743,15230
393774,15230
393779,15230
393780,15230
393754,15231
393757,15231
393758,15231
393760,15231
393775,15231
393747,15232
393762,15232
393766,15232
393769,15232
393783,15232
393771,15233
393778,15233
393742,15234
393746,15234
393755,15234
393761,15234
393764,15234
393777,15234
393749,15235
393759,15235
393781,15235
393767,15236
393741,15237
393763,15237
393776,15237
393782,15237
393744,15238
393748,15238
393773,15238
393784,15239
393785,15239
393787,15239
393789,15239
393790,15239
393788,15240
393791,15240
393792,15240
393793,15240
393795,15241
393799,15241
393801,15241
393804,15241
393794,15242
393796,15242
393797,15242
393798,15242
393800,15242
393802,15242
393803,15242
393810,15243
393829,15243
393812,15244
393813,15244
393814,15244
393819,15244
393831,15244
393836,15244
393807,15245
393823,15245
393824,15245
393835,15245
393809,15246
393830,15246
393827,15247
393817,15248
393808,15249
393811,15249
393815,15249
393821,15249
393816,15250
393820,15250
393822,15250
393826,15250
393833,15250
393834,15250
393818,15251
393825,15251
393828,15251
393806,15252
393832,15252
393837,15253
396348,15253
396356,15253
396363,15253
396390,15253
393842,15254
393841,15255
393843,15256
393875,15257
393855,15258
393861,15258
393870,15260
394572,15260
395106,15260
393847,15261
393854,15261
393878,15261
393880,15261
393884,15261
393887,15261
393846,15262
393886,15262
393852,15263
393853,15263
393858,15263
393869,15263
393874,15263
395120,15263
393848,15264
393857,15264
393862,15264
393865,15265
393877,15265
393883,15265
393892,15265
393845,15266
393856,15266
393864,15266
393872,15266
393894,15266
393873,15267
393889,15267
393860,15268
393866,15268
393867,15268
393893,15268
393844,15270
393863,15270
393876,15270
393881,15270
393882,15270
393885,15270
393890,15270
393850,15271
393859,15271
393868,15271
393851,15272
393871,15272
393931,15273
393895,15274
393906,15274
393907,15275
393921,15275
393924,15275
393951,15275
393913,15276
393937,15276
396520,15276
393929,15277
393942,15277
393944,15277
393946,15277
393955,15277
393932,15278
393910,15279
393897,15280
393917,15280
393925,15280
393934,15280
393941,15280
393948,15280
393953,15280
393899,15281
393957,15281
393912,15282
393938,15282
393958,15282
393904,15283
393905,15283
393909,15283
393916,15283
393930,15283
393940,15283
393901,15284
393902,15284
393908,15284
393933,15284
393950,15284
393956,15284
393903,15285
395408,15285
393898,15286
396521,15286
393896,15287
393922,15287
393926,15287
393935,15287
393952,15287
393911,15288
393914,15288
393919,15288
393927,15288
393949,15288
393915,15289
393943,15289
393945,15289
396518,15289
396523,15289
393928,15290
393936,15290
393954,15290
393959,15291
393980,15292
393967,15294
393968,15294
393961,15295
393963,15295
393969,15295
393973,15295
393975,15295
393964,15296
393970,15296
393971,15296
393974,15296
393977,15296
393979,15296
393972,15297
393966,15298
393960,15299
393965,15300
393981,15302
393982,15302
393984,15302
393983,15303
393987,15303
393988,15303
393989,15303
393990,15303
393997,15306
394000,15306
394015,15306
394017,15306
394020,15307
394025,15308
394001,15309
394002,15309
394016,15309
393993,15310
393991,15311
394006,15311
394008,15311
393992,15313
393998,15315
394019,15315
394023,15315
394010,15316
394009,15317
394018,15317
393995,15318
394024,15318
393994,15319
393996,15319
394003,15319
394005,15319
394014,15319
394021,15319
394004,15320
394011,15320
394007,15321
394012,15321
394022,15321
394031,15322
394026,15323
394029,15323
394033,15323
394034,15323
394035,15323
394036,15323
394030,15324
394032,15324
394037,15324
394038,15325
394039,15325
394044,15325
394045,15325
394040,15326
394041,15326
394042,15327
394043,15328
394077,15328
395821,15328
394051,15329
394154,15331
394046,15332
394047,15332
394048,15332
394049,15332
394050,15332
394052,15332
394053,15332
394054,15332
394055,15332
394056,15333
394058,15333
394063,15333
394066,15333
394067,15333
394070,15333
394073,15333
394057,15334
394064,15334
394072,15334
394074,15334
394059,15335
394060,15335
394069,15335
394071,15335
394076,15335
394061,15336
394062,15337
394065,15337
394068,15337
394075,15337
394082,15338
394078,15339
394079,15339
394080,15339
394081,15339
394083,15339
394086,15340
394087,15340
394091,15340
394094,15340
394095,15340
394089,15341
394092,15341
394093,15341
394084,15342
394085,15342
394090,15343
394088,15344
394096,15346
394097,15347
395599,15347
395770,15347
395849,15347
395888,15347
396158,15347
396198,15347
396218,15347
394100,15348
394104,15348
394107,15349
394103,15350
394106,15351
394155,15351
394156,15351
394157,15351
394101,15352
394105,15352
394099,15353
394102,15353
394118,15354
394121,15354
394109,15355
394110,15355
394115,15355
394123,15355
394125,15355
394126,15355
395521,15356
395592,15356
395618,15356
395790,15356
395886,15356
396144,15356
396167,15356
394112,15357
394120,15357
394111,15358
394113,15358
394119,15358
394138,15359
394129,15360
394131,15360
394133,15360
394134,15360
394137,15360
394140,15360
394141,15360
394144,15360
394149,15360
394150,15360
394127,15361
394135,15361
394136,15361
394147,15361
394152,15361
394130,15362
394151,15362
394132,15363
394148,15363
394128,15364
394139,15364
394145,15364
394142,15365
394143,15365
394146,15365
394158,15366
394161,15366
394162,15367
394159,15368
394160,15368
394163,15369
394164,15369
394165,15369
394168,15369
394171,15369
394166,15370
394175,15371
394181,15371
394179,15372
394180,15372
394185,15372
394186,15372
394177,15373
394187,15373
394190,15373
394195,15373
394196,15373
394200,15373
394173,15374
394184,15374
394188,15374
394192,15374
394198,15374
394199,15374
394172,15375
394182,15375
394191,15375
394194,15375
394197,15375
394201,15376
394209,15376
394203,15377
394206,15377
394212,15377
394217,15377
394207,15378
394208,15378
394213,15378
394216,15378
394202,15379
394211,15379
394214,15379
394204,15380
394205,15380
394210,15380
394218,15381
394215,15382
394222,15383
394230,15383
394250,15383
394224,15384
394225,15384
394229,15384
394240,15384
394248,15384
394220,15385
394223,15385
394227,15385
394237,15385
394243,15385
394244,15385
394234,15386
394242,15386
394239,15387
394228,15388
394249,15389
394221,15390
394232,15390
394236,15390
394238,15390
394245,15390
394246,15390
394247,15390
394226,15391
394241,15391
394219,15392
394231,15392
394233,15392
394235,15392
394251,15392
394253,15393
394254,15393
394255,15393
394256,15393
395615,15394
395684,15394
395727,15394
396287,15394
394257,15396
394259,15396
394260,15396
394261,15396
394262,15396
394263,15396
394269,15397
394272,15397
394273,15397
394274,15397
394265,15398
394266,15398
394271,15398
395239,15398
395256,15398
394267,15399
394264,15400
394268,15401
394275,15402
394276,15402
394277,15402
394270,15403
394280,15404
394283,15404
394284,15404
394278,15405
394282,15405
394286,15406
394287,15406
394289,15406
394293,15406
394296,15406
394300,15406
394290,15407
394291,15407
394295,15407
394297,15407
394288,15408
394292,15408
394294,15408
394299,15408
394298,15409
394301,15410
394303,15410
394306,15410
394307,15410
394302,15411
394304,15411
394305,15411
394308,15411
394309,15412
394352,15415
394441,15415
394523,15415
394443,15416
394390,15418
394394,15418
394406,15418
394481,15418
394500,15418
394375,15419
394464,15419
394319,15420
394395,15420
394419,15420
394431,15420
394369,15421
394445,15421
394466,15421
394469,15422
394499,15422
394313,15423
394377,15423
394511,15424
394515,15424
394517,15424
394330,15425
394336,15425
394412,15425
394470,15425
394424,15426
394318,15427
394366,15427
394380,15427
394382,15427
394391,15427
394401,15427
394420,15427
394428,15427
394438,15428
394381,15429
394497,15429
394513,15430
394408,15431
394427,15431
394465,15431
394316,15432
394456,15432
394457,15432
394493,15432
394400,15434
394349,15435
394421,15435
394454,15435
394522,15436
394385,15437
394440,15438
394374,15439
394396,15439
394402,15439
394417,15439
394524,15440
394531,15440
394326,15441
394333,15441
394346,15441
394455,15441
394488,15442
394496,15442
394503,15443
394332,15444
394388,15444
394429,15444
394459,15444
394473,15445
394510,15445
394410,15446
394467,15446
394361,15447
394479,15447
394370,15448
394312,15449
394345,15449
394355,15449
394356,15449
394343,15450
394498,15451
394338,15452
394471,15453
394492,15453
394321,15454
394425,15454
394444,15454
394519,15454
394512,15455
394329,15456
394334,15456
394397,15456
394413,15456
394485,15457
394322,15458
394475,15458
394314,15459
394357,15459
394364,15459
394376,15459
394378,15459
394416,15459
394446,15460
394337,15461
394350,15461
394434,15461
394462,15461
394477,15461
394532,15461
394363,15462
394439,15462
394415,15464
394423,15464
394516,15464
394526,15464
394368,15465
394433,15465
394521,15465
394358,15466
394483,15466
394509,15466
394520,15466
394529,15466
394317,15467
394327,15467
394342,15467
394347,15467
394353,15467
394453,15467
394501,15467
394328,15468
394437,15468
394450,15470
394463,15470
394480,15470
394504,15470
394507,15470
394311,15471
394325,15471
394422,15471
394436,15471
394527,15471
394354,15472
394373,15472
394398,15472
394474,15472
394482,15472
394489,15472
394525,15472
394320,15473
394371,15473
394487,15473
394530,15473
394484,15474
394502,15474
394514,15474
394414,15475
394449,15475
394367,15477
394323,15478
394362,15478
394399,15478
394411,15478
394430,15478
394508,15478
394387,15479
394505,15480
394365,15481
394448,15481
394310,15482
394393,15482
394472,15482
394379,15484
394392,15484
394426,15484
394461,15484
394383,15485
394384,15485
394386,15485
394418,15485
394435,15485
394315,15486
394491,15487
394476,15489
394335,15490
394359,15490
394495,15491
394341,15492
394344,15492
394458,15492
394407,15493
394340,15494
394404,15495
394372,15496
394518,15496
394409,15497
394442,15497
394452,15497
394486,15497
394490,15497
394494,15498
394642,15501
394790,15501
394791,15501
395152,15501
395350,15501
395396,15501
395439,15501
395035,15502
394629,15504
394845,15504
394871,15504
394626,15506
394600,15507
395158,15508
395011,15510
395183,15510
395458,15510
395474,15510
396699,15510
394776,15511
394925,15511
394758,15512
395299,15512
395227,15513
395280,15513
395307,15513
395331,15513
394992,15515
395419,15515
394677,15516
394763,15516
395373,15516
395446,15516
394912,15517
394968,15517
394540,15518
394979,15518
395311,15518
394538,15520
394618,15520
394742,15520
394781,15520
394909,15520
394978,15520
395259,15520
395291,15520
394651,15521
394655,15521
394724,15521
394775,15521
394802,15522
395068,15522
395084,15522
395476,15522
395094,15523
394576,15524
394972,15524
395027,15524
394808,15525
394554,15526
395484,15527
394550,15528
394598,15528
394635,15528
394740,15528
395104,15528
395245,15528
395186,15529
395381,15530
394687,15531
394716,15531
394971,15531
395081,15531
395388,15531
394692,15532
395013,15532
395324,15532
394880,15533
394905,15533
394911,15533
394627,15534
394939,15534
394944,15534
395230,15534
394565,15535
395130,15535
395031,15536
394563,15537
394771,15537
394921,15537
395129,15537
395141,15537
395264,15537
394901,15538
395042,15538
395136,15538
395162,15538
395454,15538
395486,15538
395085,15539
395105,15539
394748,15540
394844,15540
394888,15540
395110,15540
394586,15541
394613,15542
394722,15542
395360,15543
395451,15543
394729,15544
394839,15544
395097,15544
395447,15544
394628,15545
394799,15545
395128,15545
395394,15545
395166,15546
395238,15547
394753,15548
394899,15548
395170,15548
395410,15548
395472,15549
394634,15550
394964,15550
395153,15550
395176,15550
395304,15550
395469,15550
394801,15551
395079,15552
395345,15552
394784,15553
395471,15553
394766,15554
394954,15554
394970,15554
395008,15554
395320,15554
394584,15556
394603,15556
395026,15556
395041,15556
395412,15556
394853,15557
394920,15557
395115,15558
395413,15558
394805,15559
394884,15559
396697,15559
395192,15560
394856,15561
395072,15561
395179,15561
397011,15561
395452,15562
394725,15564
394783,15565
394878,15565
394941,15565
395093,15565
395163,15565
395397,15565
394858,15567
395116,15567
395305,15568
394714,15569
395055,15569
395090,15569
395257,15570
394594,15571
395061,15571
395295,15571
394611,15572
394632,15572
394848,15572
395466,15572
394606,15573
395441,15573
394721,15574
394875,15574
394735,15575
394736,15575
394861,15575
395159,15575
395214,15575
395323,15575
395420,15575
395442,15575
394662,15576
394720,15576
394915,15576
395119,15576
394605,15577
394889,15577
395185,15577
395212,15577
394625,15578
394900,15578
394931,15578
395021,15578
395064,15578
395200,15579
394585,15580
395478,15581
395409,15582
395459,15582
394893,15583
395411,15583
395014,15584
395240,15584
394825,15585
394860,15585
395030,15585
394780,15587
394794,15587
395050,15587
395193,15587
395246,15587
394653,15588
394822,15588
395301,15588
394604,15589
394862,15589
395327,15589
394557,15590
395348,15590
394777,15591
394851,15591
394929,15591
395054,15591
395118,15591
395293,15591
395349,15591
395438,15591
396709,15591
394788,15592
394793,15592
395099,15592
395114,15592
395328,15592
395376,15592
394694,15593
394726,15593
395000,15595
395218,15595
395387,15595
395253,15596
394637,15597
394891,15597
394927,15597
395143,15597
395211,15597
394882,15599
394621,15600
394876,15600
395369,15600
395464,15600
394684,15601
394773,15601
394855,15602
394948,15602
394963,15602
395275,15602
394552,15603
394670,15603
394688,15603
395325,15603
395390,15603
395074,15604
395436,15604
394652,15605
394934,15605
394957,15605
395216,15605
395378,15605
394743,15606
394798,15606
395135,15606
395244,15606
395490,15606
394769,15607
394956,15607
395005,15607
395112,15608
394951,15609
395422,15609
394741,15610
394614,15611
394615,15611
394999,15611
395023,15611
395316,15611
395457,15611
394683,15612
394700,15612
394965,15612
395296,15612
395364,15612
395379,15612
394537,15613
394846,15613
394578,15614
394656,15614
394693,15614
395392,15614
394542,15615
394674,15615
394800,15615
394892,15615
394985,15615
395083,15615
395435,15615
394622,15616
394738,15616
394768,15616
394819,15616
394821,15616
395335,15616
394570,15617
394658,15617
394711,15617
394774,15617
394867,15617
394975,15617
395015,15617
395236,15617
394762,15618
394609,15619
394727,15619
395001,15623
394592,15624
394795,15624
394989,15624
395098,15624
394561,15625
394850,15625
394910,15625
395160,15625
394574,15627
394820,15628
394869,15628
395052,15628
395202,15628
394679,15629
395181,15629
395317,15630
394924,15631
395206,15631
395395,15631
394734,15632
394913,15632
395007,15632
395020,15632
395308,15632
394709,15633
394829,15633
394870,15633
395139,15633
394657,15634
395036,15634
394539,15635
394601,15635
394828,15635
394988,15635
395261,15635
395491,15635
394664,15636
395414,15636
395165,15637
394665,15638
394676,15638
394685,15638
395417,15638
394546,15639
394737,15639
394785,15639
395473,15639
394718,15640
394809,15640
394916,15640
394958,15640
395318,15640
395343,15640
395401,15640
394633,15641
395058,15641
395126,15641
395385,15641
394590,15642
395279,15642
395310,15642
394643,15643
394548,15644
394744,15644
394831,15644
395108,15644
395201,15644
397026,15644
394712,15645
394841,15645
394952,15645
395173,15645
394567,15646
394593,15646
394669,15646
394996,15646
395347,15647
395156,15649
395189,15649
395282,15649
395416,15649
395449,15649
395039,15650
395034,15651
395460,15651
397003,15652
397004,15652
394936,15653
395167,15653
395404,15653
394559,15654
394713,15654
394731,15654
394796,15654
395207,15654
394571,15655
394728,15655
394863,15655
394874,15655
394907,15655
394990,15655
395363,15655
395462,15655
394859,15657
395190,15657
395213,15657
395235,15657
395326,15657
394872,15658
395089,15658
394541,15659
394717,15659
394589,15660
395077,15660
395184,15662
394624,15663
394865,15665
395073,15665
395298,15665
394955,15666
395022,15666
395262,15666
394577,15667
394630,15667
394847,15667
395080,15667
395187,15667
395199,15667
395300,15667
395341,15667
395289,15668
396937,15668
394544,15669
394715,15669
394673,15670
395221,15670
395247,15670
394591,15671
394696,15671
394730,15671
394940,15671
395402,15671
394942,15672
395009,15672
395270,15672
394810,15673
394983,15673
395140,15673
395429,15673
394608,15674
394933,15674
394961,15674
395024,15674
395372,15674
394760,15675
395091,15675
395209,15675
395250,15675
395321,15675
395391,15677
395123,15678
394564,15680
394660,15680
394833,15680
395102,15681
394663,15682
394733,15682
394815,15682
395019,15682
395154,15682
395399,15682
395488,15682
394928,15683
395017,15683
395063,15683
395258,15683
394864,15684
395421,15684
395480,15684
394945,15685
395057,15685
395088,15685
395124,15685
395306,15685
394906,15687
395149,15687
394914,15688
395109,15688
394547,15689
394935,15689
394982,15689
395142,15689
395355,15689
395463,15689
394746,15690
395302,15690
395144,15691
395217,15691
395359,15691
395208,15692
395210,15692
394636,15693
394962,15693
395131,15693
395367,15693
395424,15693
394807,15694
394647,15695
394804,15695
394806,15695
394976,15695
395016,15695
395314,15695
395431,15695
394602,15696
395377,15696
394757,15697
394789,15697
395033,15697
394648,15699
394896,15699
394575,15700
394932,15700
394998,15700
395415,15700
394560,15701
394640,15701
394986,15701
395427,15701
395465,15701
394681,15702
395241,15702
395044,15703
394680,15704
395340,15704
394881,15705
394854,15706
395380,15706
395076,15707
395426,15707
394779,15708
395040,15708
395121,15708
395231,15708
395382,15708
395383,15710
394838,15712
395101,15712
394595,15713
394751,15713
395018,15713
395164,15713
395284,15713
395384,15713
395467,15713
394835,15714
395003,15714
395047,15714
395352,15714
395470,15714
394752,15715
394866,15715
395175,15715
395342,15715
395423,15715
394581,15716
394953,15716
395151,15716
395225,15719
395281,15719
394545,15720
394671,15720
394682,15720
395196,15720
395339,15720
394943,15721
395418,15721
395477,15721
394620,15722
394885,15722
395082,15722
395283,15722
395309,15722
395358,15722
394827,15723
395456,15723
394631,15724
394994,15724
394997,15724
395038,15724
395060,15724
395147,15724
394562,15725
394937,15725
395194,15725
395271,15725
394610,15727
395032,15727
394756,15728
394792,15728
395059,15728
395069,15728
395122,15728
395228,15729
394555,15731
394675,15731
395407,15731
394969,15733
395428,15733
394543,15734
394701,15734
394890,15734
394984,15734
395182,15734
395272,15734
394607,15736
394903,15736
395337,15736
395351,15737
394612,15738
394764,15738
395111,15738
395127,15738
395425,15738
394695,15741
395375,15741
394868,15742
394926,15743
394967,15743
394980,15743
395482,15743
394638,15744
394834,15745
395265,15745
395312,15745
395485,15745
395012,15746
394533,15747
394787,15747
394922,15747
395263,15748
394710,15750
395203,15751
394974,15752
394897,15753
394930,15753
395346,15753
395048,15754
395336,15755
395432,15755
395067,15757
395362,15757
395046,15758
396730,15758
397017,15758
394814,15759
394849,15759
394938,15759
395215,15759
395468,15759
394588,15761
395461,15762
394583,15763
395222,15763
395288,15763
394667,15764
394750,15764
394842,15764
394949,15764
394995,15764
394650,15765
394707,15765
395137,15765
394702,15766
394837,15766
395066,15766
395278,15766
395406,15766
394879,15767
394923,15767
395205,15767
394755,15768
394817,15768
395002,15768
395224,15768
395330,15768
395338,15768
397005,15768
394686,15769
394894,15770
394778,15772
395249,15772
395286,15772
395433,15772
394857,15773
395444,15773
395053,15774
394580,15776
395303,15776
394646,15777
394654,15777
394803,15777
395234,15777
395319,15777
394553,15778
394813,15778
395075,15778
395107,15778
395155,15778
394689,15779
394749,15779
394816,15779
394977,15779
395092,15779
395095,15781
395178,15781
395242,15781
395361,15781
394840,15782
394704,15783
394823,15785
394981,15785
395004,15785
395117,15785
395268,15785
395366,15785
395434,15785
395148,15786
395292,15787
395386,15787
395443,15787
395450,15787
395037,15788
394558,15789
395171,15791
394587,15792
394739,15792
395333,15792
395353,15792
395368,15792
394811,15793
395195,15793
395243,15793
394699,15794
394703,15794
394812,15794
394950,15794
395453,15794
394818,15795
395086,15795
395357,15795
394719,15796
395188,15796
394551,15797
394782,15797
394904,15797
395233,15797
395315,15797
395489,15797
394556,15798
395180,15798
395393,15800
394987,15801
396938,15801
394919,15802
395177,15802
395332,15802
395157,15803
395191,15803
395049,15804
395400,15805
394536,15806
395051,15806
395198,15806
395220,15806
395237,15806
395087,15807
395294,15807
395322,15808
394534,15809
394568,15809
394619,15809
394666,15809
394947,15809
395070,15809
395287,15809
394732,15810
395043,15810
394898,15811
395266,15811
394599,15812
394639,15812
394708,15812
394832,15812
395223,15812
394877,15813
395437,15813
394786,15814
395025,15814
395132,15814
395133,15814
395219,15814
394573,15816
394946,15816
394991,15816
395475,15816
394761,15817
395483,15817
394596,15818
394690,15818
394770,15818
395297,15818
395389,15819
395010,15820
395029,15820
395065,15820
395273,15820
395197,15821
394569,15823
394759,15823
394887,15823
395254,15823
395006,15825
395169,15825
395226,15827
395546,15829
395649,15829
395810,15829
396031,15829
396189,15829
396200,15829
395657,15830
395689,15830
396233,15830
396297,15830
396139,15831
395497,15832
395691,15832
395729,15832
395872,15832
395755,15833
395924,15834
395968,15834
395980,15834
395788,15836
395647,15837
395687,15837
396107,15837
396236,15837
396271,15837
396292,15837
395674,15839
395677,15839
395732,15839
395775,15839
396080,15839
395692,15840
395948,15840
395949,15840
396008,15840
396177,15840
395628,15841
395752,15841
396166,15841
395522,15842
396114,15842
396115,15842
395780,15844
395858,15844
396210,15844
395547,15845
395819,15845
395698,15846
395851,15846
395918,15846
396086,15846
395553,15847
395670,15847
395675,15847
395952,15847
396180,15847
396246,15848
395696,15849
395712,15849
395922,15849
396003,15849
396083,15849
395892,15850
395715,15851
395861,15851
396020,15851
396229,15851
396071,15852
395495,15853
395621,15854
395640,15854
395652,15854
395999,15854
396108,15854
396279,15854
395950,15855
395681,15856
395722,15856
396016,15856
396132,15856
396212,15856
395580,15857
395853,15857
396118,15857
396230,15857
395914,15858
395923,15859
395655,15860
395832,15860
395934,15860
395824,15861
395709,15863
395864,15863
395943,15863
395951,15864
395586,15865
395587,15865
395593,15865
395930,15865
396012,15865
396099,15865
396133,15865
395563,15866
395825,15866
395827,15866
395891,15866
396084,15866
395977,15867
396048,15867
396171,15867
396294,15867
395578,15868
395601,15868
395921,15868
395530,15869
395957,15869
396092,15869
396148,15869
395550,15870
395742,15870
395826,15870
395812,15871
395962,15871
395978,15871
396209,15871
396303,15871
395627,15873
395738,15873
395762,15873
395583,15875
396010,15875
396150,15875
396195,15875
396094,15876
395766,15877
395908,15877
396063,15877
396173,15877
396258,15877
395793,15878
395995,15878
396238,15878
396248,15878
395496,15879
395956,15879
396042,15879
396269,15880
395541,15881
395609,15881
395728,15881
395786,15881
395997,15881
396147,15881
396206,15881
396040,15883
396299,15883
395597,15884
395667,15884
395704,15884
396030,15884
396163,15884
395678,15885
395717,15886
395739,15886
395777,15886
395878,15886
395912,15886
396130,15886
396211,15886
395607,15887
395690,15887
396256,15887
395685,15888
395781,15888
395804,15888
396066,15888
396270,15888
395598,15889
395754,15889
395927,15889
396293,15890
395525,15891
396179,15892
395573,15893
395802,15893
395856,15893
395895,15893
395735,15894
395916,15894
395942,15894
396102,15894
396202,15894
395560,15895
395605,15895
395633,15895
395834,15895
395701,15896
395750,15896
395751,15896
396078,15896
395874,15899
396117,15899
396034,15900
396157,15900
396185,15900
395625,15901
396002,15901
395591,15902
395611,15902
395805,15902
396106,15902
396181,15902
395745,15903
395559,15904
395694,15904
395993,15904
396141,15904
396267,15904
396268,15904
395537,15905
395862,15905
395902,15905
396295,15905
395532,15906
395561,15906
395570,15906
395650,15906
395860,15906
396057,15908
395904,15909
395955,15909
395964,15909
396069,15909
396302,15909
397008,15909
396044,15910
395520,15912
395811,15912
396067,15912
396128,15912
395517,15913
395533,15913
396242,15913
395708,15914
395831,15915
395556,15916
395572,15916
395960,15916
395594,15917
395638,15917
395835,15917
396005,15917
395800,15918
395768,15919
395836,15919
396257,15919
395937,15920
395946,15920
396098,15920
396252,15920
395503,15922
395646,15922
396096,15922
395896,15925
396018,15925
396025,15925
396182,15925
396204,15925
396281,15925
395639,15926
395801,15926
396007,15927
395875,15928
395881,15928
396255,15928
396285,15928
395523,15929
396273,15929
395505,15930
395816,15930
395963,15930
396174,15930
396288,15931
396109,15932
395868,15933
396201,15933
395929,15934
395542,15935
395624,15936
396061,15936
396064,15936
396247,15936
395974,15937
396070,15937
396164,15937
395741,15938
395759,15938
395945,15938
395991,15939
395574,15941
395634,15942
395645,15942
395879,15942
395936,15942
395679,15943
395757,15944
396301,15945
395619,15946
396028,15947
395765,15948
395809,15949
396175,15949
395508,15950
395724,15950
395799,15950
395870,15950
395906,15950
395944,15950
396193,15950
396266,15950
395554,15951
395648,15951
396055,15951
395748,15952
396049,15952
395527,15953
396186,15953
395673,15954
395975,15954
395988,15954
396103,15954
395579,15955
396129,15956
395534,15957
395612,15957
395844,15957
396178,15957
395705,15959
395814,15959
395890,15959
395915,15959
395939,15959
395992,15959
395671,15960
395842,15960
396087,15960
396105,15960
396184,15960
395511,15961
395568,15961
396235,15961
396172,15962
396207,15962
395555,15963
396100,15963
395626,15964
395782,15965
396227,15965
395651,15966
395776,15966
396244,15966
395535,15967
395540,15967
395796,15967
395935,15967
395524,15968
395585,15968
395760,15968
395933,15968
396097,15968
396152,15968
396088,15969
395528,15970
395531,15970
395544,15970
395730,15970
395986,15970
396243,15970
395577,15971
395603,15971
395771,15971
395846,15971
396168,15971
396249,15971
395869,15972
396126,15972
396231,15972
396240,15972
395973,15973
395983,15973
396023,15973
395721,15974
396021,15974
396221,15974
395871,15975
395604,15977
395613,15977
395736,15977
396187,15978
396280,15978
396283,15978
395764,15980
395822,15980
395882,15980
396274,15980
396695,15980
396260,15981
395744,15982
395778,15983
395848,15983
396136,15983
395558,15984
395632,15984
396024,15984
396032,15985
396216,15986
395582,15987
395823,15987
396058,15987
396077,15987
395590,15988
395876,15988
395644,15990
395700,15990
395884,15990
396159,15990
395774,15991
395969,15991
395733,15992
396226,15992
395623,15993
395676,15993
395837,15993
396035,15993
396234,15993
395529,15994
395761,15994
395787,15994
395866,15994
396237,15994
395548,15997
395966,15997
396022,15997
396228,15997
396275,15997
395713,15998
395815,15998
396215,15998
396222,15998
396190,15999
395510,16000
395664,16000
395789,16000
395984,16000
396138,16000
395695,16001
396047,16001
395564,16002
395889,16002
395734,16003
395769,16003
396214,16003
395740,16004
395901,16004
396090,16004
396146,16004
395519,16006
395576,16006
395610,16006
395637,16006
395828,16006
395940,16006
396282,16006
395526,16007
396125,16007
395967,16008
396017,16008
396203,16008
395659,16009
395498,16010
395536,16010
395566,16010
395635,16010
395783,16010
395830,16010
396095,16010
396277,16010
396111,16011
396142,16011
395565,16013
395743,16013
395911,16013
395990,16013
396029,16013
395900,16014
396272,16016
395863,16017
395893,16017
395910,16017
396000,16017
395545,16018
395905,16018
396045,16018
396116,16018
395494,16019
395718,16019
395756,16019
395813,16019
395919,16019
396013,16019
396170,16019
396278,16019
395549,16020
395913,16020
396059,16020
396124,16020
395779,16021
395571,16022
395656,16022
395672,16022
395702,16022
395806,16022
395953,16022
396076,16022
395749,16023
396050,16023
396121,16023
395551,16024
395588,16024
395747,16024
395979,16024
396075,16024
396304,16024
395620,16025
396253,16025
396290,16025
395697,16026
395707,16026
395850,16026
396027,16026
395688,16027
395941,16027
395617,16028
395763,16028
396134,16028
396296,16029
395500,16031
395970,16031
396052,16031
396143,16031
396183,16031
395584,16033
395630,16033
396104,16033
396135,16033
396153,16033
396156,16034
395506,16035
395903,16035
395917,16035
395987,16035
396191,16035
395543,16036
395636,16036
395693,16036
395839,16036
395847,16036
395887,16036
395899,16036
396060,16036
396101,16036
396265,16036
395865,16037
396145,16038
395719,16039
395772,16039
395880,16039
395668,16040
395909,16040
395938,16040
395703,16041
395971,16041
396300,16041
396213,16042
395926,16043
395981,16043
395602,16044
395706,16044
395829,16044
395855,16044
396119,16044
396284,16044
396196,16046
395575,16047
395859,16047
396068,16047
396085,16047
395513,16048
395596,16049
395965,16049
395514,16050
396038,16050
396232,16050
395711,16051
396155,16051
396223,16051
395794,16052
396065,16052
396154,16052
396081,16053
396054,16054
395699,16055
395518,16056
395785,16056
395807,16056
395818,16056
395512,16057
396019,16057
396079,16057
396165,16057
396205,16057
396219,16057
395680,16058
395932,16058
395504,16059
395614,16059
395843,16059
395883,16059
395720,16060
395725,16060
395539,16061
395616,16061
395833,16061
396036,16061
395660,16062
395773,16062
395954,16062
396149,16062
396432,16062
396433,16062
395925,16063
395998,16063
396041,16063
396197,16063
395600,16064
395663,16064
396254,16064
395795,16065
396112,16065
396251,16065
396199,16066
395653,16067
395716,16067
395784,16067
395920,16067
395958,16067
396051,16067
396151,16067
396224,16067
395502,16068
395641,16068
395803,16068
395961,16068
396062,16068
395516,16069
395996,16069
395492,16070
395840,16070
396110,16070
396161,16070
395767,16071
395493,16072
395606,16072
395643,16072
395994,16072
396089,16072
396208,16072
395666,16073
396053,16074
395499,16075
395589,16076
395723,16076
395753,16076
395897,16077
396262,16077
396039,16078
396225,16078
396245,16078
395817,16079
395852,16080
396009,16082
395567,16083
395662,16083
395737,16083
395820,16084
397009,16084
395894,16086
396073,16086
396259,16086
395669,16088
395873,16088
396014,16088
395791,16089
395976,16089
396241,16089
395552,16090
395622,16090
395654,16090
395665,16090
395714,16090
395947,16090
396004,16091
396192,16091
395629,16094
395985,16094
396261,16094
395808,16095
395898,16095
396127,16095
396332,16097
396354,16097
396330,16098
396343,16098
396395,16098
396336,16100
396385,16100
396400,16100
396307,16101
396322,16101
396323,16101
396380,16101
396393,16101
396305,16102
396355,16104
396364,16104
396387,16104
396317,16105
396327,16105
396331,16105
396347,16105
396368,16105
396398,16105
396367,16107
396378,16107
396389,16107
396391,16107
396350,16108
396328,16109
396339,16109
396306,16110
396324,16110
396349,16110
396316,16111
396374,16111
396386,16111
396335,16112
396351,16112
396360,16112
396377,16112
396311,16113
396326,16113
396353,16114
396392,16115
396320,16117
396344,16117
396365,16117
396388,16117
396309,16118
396315,16119
396318,16119
396361,16119
396381,16119
396396,16119
396340,16120
396346,16120
396366,16120
396399,16120
396341,16121
396352,16122
396321,16123
396325,16123
396359,16123
396369,16123
396376,16123
396379,16123
396397,16123
396357,16124
396313,16125
396373,16125
396312,16126
396314,16126
396329,16126
396337,16126
396362,16126
396372,16126
396384,16126
396394,16126
396401,16126
396402,16126
396375,16127
396382,16127
396422,16128
396420,16129
396404,16130
396406,16130
396411,16130
396419,16130
396424,16130
396428,16130
396403,16132
396407,16132
396408,16132
396409,16132
396416,16132
396417,16132
396418,16132
396426,16132
396429,16132
396425,16133
396405,16134
396410,16134
396413,16134
396414,16134
396415,16135
396437,16136
396449,16136
396446,16137
396450,16137
396435,16138
396438,16138
396443,16138
396445,16138
396448,16138
396452,16138
396447,16139
396436,16140
396439,16140
396440,16140
396441,16140
396444,16140
396442,16141
396453,16141
396454,16141
396459,16142
396460,16142
396461,16142
396462,16142
396463,16142
396464,16142
396475,16143
396477,16143
396478,16143
396469,16145
396471,16145
396472,16145
396476,16145
396479,16145
396473,16146
396495,16148
396500,16148
396507,16148
396511,16148
396489,16149
396498,16149
396505,16149
396506,16149
396514,16149
396515,16149
396504,16150
396516,16151
396496,16152
396497,16152
396501,16152
396513,16152
396499,16153
396508,16153
396488,16154
396492,16154
396493,16154
396502,16155
396503,16155
396509,16155
396512,16155
396494,16156
396491,16157
396510,16157
396490,16158
396517,16158
396519,16159
396524,16159
396526,16159
396527,16159
396529,16159
396532,16160
396533,16160
396534,16160
396537,16160
396556,16161
396540,16162
396541,16162
396549,16162
396692,16162
396531,16163
396536,16163
396545,16163
396548,16163
396552,16163
396555,16163
396544,16164
396538,16165
396542,16165
396550,16165
396557,16166
396535,16167
396539,16167
396546,16167
396547,16167
396551,16167
396554,16167
396543,16168
396553,16170
396566,16171
396558,16173
396559,16173
396560,16173
396565,16173
396568,16173
396567,16174
396573,16175
396572,16176
396575,16176
396576,16176
396582,16176
396578,16177
396571,16178
396577,16178
396579,16178
396580,16178
396581,16178
396583,16179
396592,16180
396594,16180
396600,16180
396589,16181
396593,16181
396595,16181
396596,16181
396601,16181
396602,16181
396587,16182
396591,16182
396597,16182
396598,16182
396603,16182
396599,16183
396588,16184
396590,16184
396606,16185
396607,16186
396608,16186
396613,16187
396624,16187
396625,16187
396627,16187
396614,16188
396629,16189
396620,16190
396616,16191
396622,16191
396621,16192
396626,16192
396609,16193
396610,16193
396619,16193
396628,16193
396630,16194
396615,16195
396617,16195
396631,16195
396612,16196
396633,16197
396640,16197
396644,16197
396646,16197
396632,16198
396635,16198
396642,16198
396645,16198
396634,16199
396636,16199
396637,16199
396639,16199
396643,16199
396647,16199
396648,16199
396638,16200
396641,16200
396652,16201
396654,16201
396655,16201
396660,16201
396667,16201
396672,16201
396649,16202
396659,16202
396665,16202
396676,16202
396651,16203
396671,16203
396678,16203
396656,16204
396657,16204
396662,16204
396663,16204
396666,16204
396675,16204
396661,16207
396664,16207
396669,16207
396673,16207
396668,16208
396670,16208
396682,16211
396690,16211
396683,16212
396685,16212
396686,16212
396687,16213
396680,16214
396684,16214
396681,16215
396688,16215
396689,16215
396691,16216
396694,16218
396701,16218
396717,16218
396728,16220
396733,16220
396736,16220
396693,16221
396712,16221
396704,16222
396716,16222
397010,16222
397012,16222
396696,16224
396705,16224
396714,16224
396725,16224
396713,16225
396720,16225
396723,16225
396744,16226
396759,16226
396776,16226
396815,16226
396824,16226
396897,16226
396842,16227
396919,16227
396747,16229
396775,16229
396792,16229
396793,16229
396864,16229
396885,16229
396802,16230
396831,16230
396786,16231
396847,16231
396909,16231
396788,16232
396810,16232
396811,16232
396839,16232
396907,16232
396884,16235
396737,16236
396740,16236
396798,16236
396809,16236
396750,16237
396770,16237
396781,16237
396795,16237
396796,16237
396845,16237
396889,16237
396807,16238
396856,16238
396879,16238
396911,16238
396771,16239
396870,16239
396887,16239
396819,16240
396899,16240
396805,16241
396828,16241
396854,16241
396869,16241
396898,16241
396769,16242
396840,16242
396852,16243
396754,16244
396768,16244
396818,16244
396896,16244
396908,16244
396849,16245
396859,16245
396881,16245
396902,16245
396794,16246
396892,16246
396918,16246
397007,16246
396766,16247
396779,16248
396816,16248
396872,16248
396878,16248
396791,16249
396875,16249
396891,16249
396915,16250
396917,16250
396921,16250
396800,16251
396813,16251
396846,16251
396882,16251
396742,16252
396757,16252
396826,16252
396843,16252
396894,16252
396741,16253
396753,16253
396834,16253
396848,16253
396883,16253
396880,16254
396901,16254
396748,16255
396774,16255
396832,16255
396855,16255
396865,16255
396900,16255
396803,16256
396858,16256
396751,16257
396785,16257
396837,16257
396867,16257
396913,16257
396836,16258
396844,16258
396853,16258
396752,16259
396756,16259
396782,16259
396772,16260
396808,16260
396764,16261
396773,16261
396812,16261
396841,16261
396871,16261
396895,16261
396905,16261
396912,16261
396783,16262
396787,16262
396797,16262
396814,16262
396833,16262
396838,16262
396893,16262
396903,16262
396904,16262
396822,16263
396738,16264
396762,16264
396778,16264
396829,16264
396821,16265
396888,16265
396801,16267
396830,16268
396850,16270
396780,16271
396739,16272
396755,16272
396789,16272
396817,16272
396835,16272
396874,16272
396863,16274
396916,16274
397006,16274
396920,16275
396784,16276
396799,16276
396761,16277
396767,16278
396777,16278
396857,16278
396861,16278
396910,16278
396746,16279
396763,16279
396860,16279
396862,16279
396876,16279
396877,16279
396890,16279
396914,16279
396743,16280
396749,16280
396765,16280
396790,16280
396936,16280
396758,16281
396804,16281
396906,16281
396806,16282
396820,16282
396825,16282
396866,16282
396868,16282
396873,16282
396886,16282
396745,16283
396823,16283
396760,16284
396827,16284
396851,16284
396922,16285
396923,16285
396924,16285
396925,16286
396926,16286
396927,16286
396928,16286
396929,16286
396930,16286
396931,16287
396932,16287
396933,16287
396934,16287
396935,16287
396939,16290
396942,16290
396943,16290
396948,16290
396953,16290
396954,16290
396941,16291
396944,16291
396946,16291
396947,16291
396949,16292
396995,16292
397013,16292
396940,16293
396950,16293
396951,16293
396952,16293
396955,16293
396945,16294
396960,16295
396963,16295
396958,16296
396961,16296
396962,16296
396964,16296
396956,16297
396959,16297
396966,16297
396968,16297
396957,16298
396965,16298
396967,16298
396974,16301
396976,16301
396977,16301
396980,16301
396990,16301
396991,16301
396973,16303
396984,16303
396985,16303
396986,16303
396970,16306
396983,16306
396978,16307
396987,16307
396969,16308
396975,16308
396988,16308
396993,16308
396972,16310
396979,16310
396981,16310
396994,16310
396997,16313
396998,16317
396999,16317
397000,16317
397001,16317
397002,16320
397014,16322
397015,16322
397016,16322
397018,16326
397019,16326
397020,16326
397021,16326
397022,16326
397023,16326
397024,16328
397025,16328
397027,16329
